# 3D point list with one line of data per point:
#   POINT3D_ID, X, Y, Z, R, G, B, ERROR, TRACK[] as (IMAGE_ID, POINT2D_IDX)
# Number of points: 909, mean track length: 2.4719471947194718
929 1.5273532769258857 0.40284423963644767 6.2898617016680172 172 148 102 0.11599946301875061 1 959 4 817
928 0.96471835570855391 -0.36450944057811446 6.1705803432210029 151 152 147 2.0611920155935786 1 387 3 344 4 429 1 397 2 105
927 0.6825439205045134 0.31829559634409721 5.5235601157713674 145 149 145 1.6997125077773227 1 938 3 987 4 784 1 930 2 628
926 1.1486752436393242 0.41177175435773611 5.4644138409693959 190 191 186 2.0053305023440933 1 995 3 1328 4 849 3 1333 2 878
922 0.55202817785238656 0.5428257545733115 5.5150304773964471 130 104 77 0.61501531190030134 2 1049 4 911
921 0.93184974169683066 0.53264246981443808 5.4621631446564169 131 111 87 1.3221170317269149 2 1081 4 907
920 0.78223734836530312 0.49751218060565994 5.3726741415670602 184 161 120 0.3634855237430597 2 980 4 897
919 0.98933723893834324 0.48729007278137321 5.4599670449739133 164 136 122 0.99080068941975807 2 987 4 894
918 1.7103454725769398 0.4500830622407786 5.5207641797513514 211 212 146 0.087764748195740094 1 1042 4 886
917 1.0588564736486374 0.44202969378953955 5.5099141109640897 134 118 102 0.16025928261118552 2 929 4 866
916 0.78099410862642427 0.45693639002819109 5.5636083896342488 157 139 117 0.78693513521320568 2 919 4 865
915 0.71678979410674559 0.4585326730510913 5.5511302769551634 116 96 85 0.40501663919418318 2 911 4 864
914 1.0019922932535286 0.44332112910233401 5.5284647350846132 111 92 78 0.67318714284766334 2 925 4 863
913 0.88433622921534061 0.43358481345441291 5.437786359086676 204 188 155 1.2897453266782262 2 877 4 862
912 2.154051592919517 0.41901600099488651 6.0093398937911022 177 163 114 1.139048245785053 1 977 4 859
911 0.92597856235608955 0.43274842304475342 5.5010714047371927 183 160 119 2.3504209397975289 1 1009 2 891 4 857
910 2.1230030826231276 0.45059229311187693 6.3412336723210476 68 62 10 0.55121600214775124 1 982 4 854
909 2.3010801717239575 0.4411191257845431 6.3953300300259759 90 89 35 0.21981229203548616 1 978 4 846
908 1.0634535835436147 0.3876617081940078 5.5161527472601417 103 93 92 1.221448827213941 2 825 4 834
907 2.3963287585228876 0.43141603473959722 7.0000859910405318 129 121 98 2.4256607050570356 1 954 4 827
906 2.291165290604777 0.42000367669334415 6.7766959676525769 81 65 14 0.95814646184203411 1 955 4 825
905 2.1144749657620392 0.39476987208801134 6.3308808788377577 155 132 88 0.11603328847972602 1 957 4 824
904 1.503016648901573 0.34288844097900234 6.1031967452939799 90 73 27 0.86091614002005101 1 932 4 799
903 0.6489252363526532 0.32993653665639161 5.5989708084902521 118 105 63 0.031968050427234856 2 665 4 798
902 1.8467383839639293 0.30694389314436443 5.8918543826339453 104 81 40 0.87323304270010105 1 917 4 795
901 1.6447212276422962 0.35557645384901815 6.4186607546653658 35 21 0 2.1923558751134591 1 928 4 794
900 1.7781363849316212 0.34509331954398248 6.3958312319214858 231 208 167 0.87384620485951969 1 924 4 789
899 1.1924008423777828 0.3028440142777396 5.5983255357920534 104 90 55 1.7717863419077098 1 916 2 690 4 787
898 1.9596735594573418 0.31606905644668459 6.2362568420416959 186 164 125 0.20537866129724153 1 904 4 780
897 1.6459859220246709 0.31039122705092342 6.1642686423751716 251 227 179 0.12381409626425452 1 900 4 773
896 0.33884114389063896 0.40076754950644194 6.6438333322147436 188 164 130 1.0311263543898834 3 896 4 768
895 2.3460668210511662 0.32056299982115771 6.8213423602566481 200 183 155 0.26207992852096318 1 886 4 765
894 2.2938224496274957 0.32779995557357811 6.8298588656981662 137 114 70 0.36925586290578732 1 894 4 764
893 2.2274925449259837 0.32776539172597174 6.8090981795794772 178 155 105 0.18291692709059942 1 893 4 763
892 0.77249345642844447 0.28865715484441445 5.7122190151363768 190 168 129 1.4843259800172397 2 638 4 758
891 1.8257700243859514 0.30530059208093951 6.4537221704592653 133 113 88 0.73105221919303698 1 885 4 754
890 0.79403678721544391 0.27977177879328219 5.7340295049121135 195 173 136 1.4367971335052399 2 630 4 744
889 1.5956216776061078 0.31488383362014699 6.6438472567706315 172 141 94 0.19880044465017388 1 884 4 743
888 1.3327851350721569 0.21745938320166258 5.5436899722229143 172 172 134 1.224772715184596 1 840 2 548 4 738
887 2.2557194729525634 0.28970486859554595 6.9390472827741174 170 147 106 0.64725048657033069 1 863 4 736
886 0.35350455348402865 0.34110956084336796 6.6497902193731449 139 114 60 0.44726551550406735 3 843 4 735
885 2.298572256393415 0.27845654322257035 6.9491147895502241 125 100 59 0.03416386216892877 1 854 4 732
884 1.8414379514221981 0.25566329868878157 6.468286874924349 139 115 79 0.32162561233594422 1 845 4 729
883 1.6799899620254812 0.27433044816082958 6.640029921395131 177 158 116 0.65364706572628939 1 856 4 728
882 0.51983981307704819 0.26370300627692927 5.8858443651353722 196 180 146 0.38419868905929677 1 869 4 726
881 1.1277639963982411 0.23658233217994196 5.9228884612474779 213 194 154 0.15963872560873371 1 842 4 719
880 0.89196005846161253 0.22575050358892348 5.8594748736703064 195 176 144 1.4493486417086017 1 837 2 588 4 708
878 2.3709524314825456 0.23796763197513743 6.9838513834632305 170 156 130 0.28746094755355484 1 815 4 705
876 1.6138100911159881 0.24065979621273942 6.6422884845710364 130 104 79 0.24757528928545275 1 821 4 702
875 0.4145010538441557 0.29782463485031407 6.6440390788566015 115 111 86 1.4858963980984581 3 812 4 700
874 0.30273676190939047 0.29411350433087668 6.6712065958123814 86 76 64 0.26643477468574356 3 776 4 699
873 1.8623165186817028 0.19041742353438224 6.3401951538566372 97 73 35 0.20368624063924476 1 792 4 696
872 -0.13992374187240902 0.30456241241964416 7.2589897505545107 94 73 26 0.11321975525182365 3 631 4 690
871 0.41920702760823331 0.23269930850102025 6.6710377593911918 182 210 162 0.79970588256842046 3 739 4 687
870 0.44955412506567516 0.16152611310739717 5.8734773300312417 0 0 0 1.8147364515610132 1 779 2 402
869 2.258041375422879 0.16237084984063338 6.8854006126610203 155 137 101 0.05766358915953617 1 775 4 681
868 1.5529393206803688 0.17289061668534794 6.6089742769839503 193 172 127 0.041611548578217819 1 781 4 679
867 0.19367633945741447 0.23865792168554045 6.6893164219874119 194 181 149 1.1441802977430962 3 675 4 677
866 1.8344259804162784 0.15124544051406588 6.5564038671906717 125 104 75 0.07566300693140246 1 768 4 674
865 0.28603812069929396 0.2188521374442845 6.7002228301635958 170 154 128 0.29318596957625698 3 680 4 673
864 2.3126832767117955 0.12705033811831523 6.7795785808858486 164 142 103 0.071309224621946082 1 746 4 670
863 1.3548784072976321 0.099642454637330902 5.8920798676368582 111 113 76 0.43908238356878315 2 441 4 662
862 -0.13753092644492321 0.23083684543424995 7.2929771374943417 122 103 70 0.030138861805569569 3 574 4 658
861 1.7625311048765946 0.1033064474120457 6.5118293742788937 137 118 76 0.42369385735280662 1 727 4 657
860 1.72819786928053 0.10794729107395262 6.5816245408102478 134 112 73 0.52410528100712739 1 731 4 656
859 0.42661176001245865 0.17120552105054967 6.7003913346685398 99 112 66 0.55502677283341806 3 671 4 655
858 -0.20878227134605398 0.21189768013488514 7.2948851472598815 67 56 28 0.34990075264218068 3 534 4 650
857 2.2697801944212728 0.093241597521694641 6.9609653750845473 105 90 67 0.43991562933427453 1 723 4 649
856 0.34291136625648555 0.14691140597177338 6.6892829858227625 163 146 103 0.51720860046428829 3 620 4 647
855 0.40391936999983463 0.10115813644667743 6.7489790092807862 131 122 83 0.23633206540160412 3 595 4 628
854 0.25928153279671329 0.11029668730294601 6.7268095121341576 148 134 107 0.43097760441124922 3 564 4 627
853 -0.23523142460022928 0.15773909610281631 7.3055330662889819 43 33 8 1.1212564429450922 1 763 3 485 4 625
852 1.8561483416965303 0.023836667100952391 6.4799019246614975 77 57 22 0.093491993165467524 1 678 4 623
851 2.3658479877480048 0.015278996197097328 7.0379882872509878 110 98 76 0.0090930257284290664 1 679 4 612
850 2.1241107690273155 0.00097799056617947633 6.7541878075873143 55 31 21 1.957659998254363 1 661 4 611
849 0.087717640580409706 0.077817750865661783 6.796378338651575 130 118 94 0.49298802524639762 3 493 4 608
848 0.12999376198443871 0.055243267627987536 6.8290548822166928 157 137 104 0.91769712905203527 3 481 4 605
847 1.9521283041640651 -0.034633902748407996 6.6522528618310286 130 103 73 0.80230776168740903 1 635 4 601
846 0.32529593826028713 0.033348736309976312 6.8043629090657998 217 188 144 1.0194907135912972 3 517 4 600
845 0.25908436134754587 0.037724827997305588 6.7790310969897298 205 178 135 0.59229678209263703 3 503 4 599
844 -0.067347409856907237 0.084867763127417395 7.3144588389441996 174 154 117 0.32359289426972299 3 471 4 598
843 0.38913334314497833 -0.0058466515897556692 6.0613108466356209 213 189 143 0.55180927135888702 1 647 2 262 4 594
842 0.2976492998605052 0.034105130772461911 6.7804224454654278 181 162 119 0.059548481474730165 3 509 4 593
841 1.8945448269553822 -0.046883603949705199 6.5792502403333408 155 135 100 0.37208014059556199 1 623 4 590
840 1.2955795186975303 -0.055990083390277112 5.9678846861250889 152 134 98 0.3762908422641762 3 708 4 588
839 1.8069609519121368 -0.055381041419520993 6.5823015449354294 178 153 112 0.58071268542365306 1 618 4 586
838 1.7617330797917123 -0.049166427536462054 6.630116266889293 219 186 145 0.76945397319651354 1 622 4 585
837 1.6498297471628389 -0.063218504038650758 6.2801784674984393 200 172 133 0.024645342038253866 1 607 4 584
836 0.74734928251213584 -0.043512946046728451 6.0784118399984006 142 127 88 0.11324493487732645 1 611 4 577
835 0.86533685523667514 -0.091295113021193031 6.0044489451886598 214 195 155 1.4825385723918436 3 535 4 570
834 2.3643214609208538 -0.10371782672039864 7.1043027891904122 167 147 114 0.25744896614966473 1 598 4 568
833 -0.0077149915389053136 -0.017088502083530521 6.789531984938824 126 111 80 1.5479995694292696 1 653 4 559
832 1.9439773763334347 -0.13150565040953516 6.6243546272121332 30 19 0 0.15124275982359325 1 565 4 553
831 1.5777844395731087 -0.12213739162029325 6.4958031974970982 17 1 0 0.64695798521601744 1 570 4 552
830 2.0431368954948819 -0.14661667248906668 6.6987312451287124 202 187 164 0.44933558723269601 1 559 4 549
829 0.46181057669121661 -0.13145329678051543 6.0659615680051839 138 122 86 0.05531668760123374 2 171 4 536
828 1.5941551842358408 -0.18314322486344831 6.6844104005267582 46 34 12 0.60459855694962905 1 541 4 528
827 1.9070865756779365 -0.20327850559347921 6.6781442304678622 106 88 64 0.47901273500128416 1 530 4 527
826 1.6998557715491009 -0.20703440950100344 6.6565297054641324 118 91 44 0.43265701167052351 1 521 4 519
825 1.7959514210536669 -0.2151513670140382 6.705947114644891 200 175 134 0.00045019712265920164 1 520 4 516
824 1.7638003229511858 -0.2123300472150223 6.7473594943003175 220 192 145 0.057314013587707796 1 523 4 515
823 0.3362702787136097 -0.16798021049055595 6.8157666762817959 196 168 128 0.61628609488311747 3 359 4 508
822 1.1337847575348987 -0.22996387774852395 6.1097638361943467 188 165 131 0.66308178507176185 1 472 4 503
821 1.6144936146926896 -0.23977008581399656 6.6658381959693802 200 169 122 1.0431083914964419 1 493 4 499
820 1.8973675513826562 -0.25408255329598467 6.7630859383256663 211 188 147 0.27494817052019016 1 486 4 494
819 1.8370845490167913 -0.25905160778425934 6.7040009197792489 144 115 71 0.84895276460061175 1 480 4 488
818 0.55503258964923052 -0.23524007328320179 6.1323343110328725 166 142 116 2.3780739642445927 1 471 2 120 4 482
817 0.35218358531396771 -0.2092103789848721 6.8603648703227389 116 92 58 0.46612792763193511 3 342 4 479
816 0.041492867164103608 -0.19912512531078158 7.0672534025095999 60 49 27 0.020361582001143998 3 284 4 476
815 1.0236652426318633 -0.27570836989289788 6.1063999687926547 175 152 102 0.33691280231585008 2 122 4 472
814 0.58713795050369089 -0.26018120088566649 6.1600975832348253 203 186 158 1.5219110701181142 1 452 4 468
813 1.643895898871566 -0.30545105645109566 6.7978128204932222 174 155 115 0.34260106448371486 1 455 4 459
812 2.050194056485148 -0.33250246966660807 6.9287474978955883 134 124 97 0.56301227761863981 1 446 4 456
811 1.3032833448699319 -0.32707662205048954 6.1534180720451008 210 182 135 2.0042193500595751 2 128 3 461 4 453
810 1.2226070743288746 -0.33441225614017084 6.2152497861147822 243 216 171 0.10731041411165128 1 412 4 452
809 1.440494181197804 -0.36226329124006834 5.9840287291265266 57 38 0 0.76535586677389955 1 379 4 447
808 0.28231437044012653 -0.29939203323622371 6.9283761664506063 123 95 48 0.65926894702688588 3 268 4 440
807 1.656893839509137 -0.36954709483575737 6.7505831736870956 129 98 51 0.10594839421472793 1 421 4 436
806 1.6365238332894632 -0.36890815679000982 6.7443045168951627 162 129 84 0.61285662914336225 1 420 4 435
805 0.040891014203568388 -0.29557802110349679 7.0797048345275861 172 167 145 0.64772664212950759 3 223 4 432
804 1.9923909212697417 -0.40350011337048658 6.805472972128209 177 163 136 1.1847794630048152 1 404 4 427
803 0.4629892481838016 -0.35249508631617182 6.1759048933131648 229 194 140 0.27030079790565426 1 395 4 426
802 0.74796231399871882 -0.36904146121166242 6.2018583973395414 129 123 97 0.77712725257877957 3 294 4 422
801 0.3360409590199232 -0.36942084210063114 6.9547533375303576 129 101 54 0.58758060363837683 3 240 4 412
800 1.9296171820167982 -0.43928762577847463 6.8267244304772312 142 116 65 1.2202562909170875 1 386 4 409
799 1.6389735599355999 -0.43634025460373344 6.7952787063505724 89 64 23 0.3159320125883634 1 385 4 408
798 1.616254566109832 -0.43294221923064174 6.8987648174778284 141 118 74 1.6869256988803334 1 392 4 407
797 0.51896205033170628 -0.39595365428199664 6.2705639880388402 184 168 142 0.55199621440313118 1 372 4 405
796 1.8345720541036579 -0.45163070788065057 6.7747776371242132 118 87 32 0.46502984555965432 1 369 4 402
795 1.7209896589822538 -0.45233359956015612 6.8286416388014652 114 82 35 1.551085958256071 1 374 4 400
794 1.969431547118317 -0.47253450812437309 6.7872666879593329 154 138 112 1.803992650800921 1 355 4 397
793 0.4530362998538997 -0.41068499766476024 7.0239357327996501 141 112 68 0.39788856949630269 3 253 4 389
792 0.22781178874586738 -0.43290171879628508 6.9921772100388742 104 81 40 0.59787970020254599 3 181 4 382
791 1.635453972364191 -0.49809250008036127 6.824698899076667 157 136 83 0.88593068895166527 1 347 4 380
790 1.6190591538359915 -0.49704481973803921 6.8551871544747636 99 75 29 0.20965890318992977 1 348 4 379
789 1.8382934597201188 -0.51395285666537172 6.7747278864675087 196 166 116 0.40466820275980542 1 333 4 376
788 1.330952725274787 -0.48748514720180541 7.3653932757808303 241 217 179 1.263395726298195 1 390 4 375
787 1.273907421902146 -0.49717512896576938 7.3599914767330752 111 96 67 0.74507733107382479 1 381 4 371
786 0.48650284649271736 -0.4744513206693079 7.1434545139933974 113 97 71 0.64557860419817747 3 232 4 367
785 0.10724959477056817 -0.51282129988526859 7.1321506713695175 153 138 115 0.42003993802771267 3 99 4 346
784 1.142131885072871 -0.55993610906551994 7.3255001379287066 155 139 103 0.49289944055654172 1 343 4 342
783 1.3605037490035568 -0.58042586386545159 7.5495090908738494 239 214 173 0.98999593150276477 1 345 4 337
782 1.4173772823228776 -0.59207742673405472 7.6740971887780898 128 105 63 0.66751098476998871 1 346 4 334
781 0.53393084200953667 -0.55607175702162026 7.9226229319101016 186 183 168 1.0165215226047928 1 377 4 332
780 1.2699947750561771 -0.5945328208290146 7.4277587821118658 234 207 164 0.88766494809844199 1 328 4 330
779 1.2152104459521291 -0.61631820479874766 7.4794083522151844 195 173 132 0.11086364742554218 1 322 4 323
778 0.15427948841081526 -0.5664774852589225 7.1268467310496373 152 139 122 0.48446020270587703 3 90 4 322
777 1.6514846685790854 -0.65361247096732389 7.5349854957410027 193 184 175 1.2895976436763565 1 312 4 318
776 1.8837180349419569 -0.6771063522378491 7.0544453116655896 203 183 158 0.13704059062838636 1 274 4 317
775 0.37137752350556785 -0.61172554862746087 7.1770616014335005 204 185 153 0.11991346300170887 1 308 4 315
774 1.4565881410552655 -0.67339056967940203 7.4943001600224814 206 190 157 0.77717809216487144 1 298 4 312
773 1.1432434896454611 -0.66592506174058519 7.5070436010336969 183 155 105 0.19199391874233834 1 304 4 310
772 0.54506169850766084 -0.6455130145400465 7.900239858774567 136 130 114 1.3230631116063087 1 327 4 309
771 1.5430556439271743 -0.68977314421337454 7.6594189634987799 42 33 24 0.36027269343440882 1 302 4 306
770 1.6929334081537539 -0.70064058474575064 7.0154395072106581 185 166 133 0.73754856428889659 1 266 4 304
769 1.3913157886228027 -0.69637341155745291 7.5540655026208032 147 134 102 0.25286525086798428 1 292 4 302
768 0.22727916097904974 -0.6447783308570183 7.3033720300974139 69 53 20 0.82841409333829996 1 300 4 300
767 1.3101340117305125 -0.70670911293484306 7.5143568003284802 176 152 116 0.59253200062515288 1 290 4 298
766 1.8256677062848197 -0.73196906552175256 7.1108335325739773 179 162 118 0.026397420854940595 1 260 4 296
765 1.2285875592721065 -0.71251933456846017 7.4677469501824074 116 98 62 0.96659543430998451 1 285 4 293
764 1.1242821749059595 -0.70789484008783821 7.3645231985092359 158 136 99 0.67802374000405163 1 280 4 291
763 0.22613051378150606 -0.6790572242465418 7.3215961128318181 116 98 86 0.70579452398822773 3 75 4 290
762 0.56828727092150355 -0.69852234752546583 7.9778785659402605 69 58 38 0.53685529072361848 1 313 4 289
761 1.4067123267187209 -0.74268947848355094 7.5489292199074782 68 57 39 0.0016114793848061118 1 276 4 288
760 1.653459604428424 -0.74751987983088042 6.588242165833508 108 93 62 0.83860733536204157 3 310 4 285
759 1.6502297020107817 -0.7620277199943577 7.8546077365724205 147 136 116 0.5507684031247031 1 286 4 284
758 1.814713577285866 -0.78316985860983013 7.1049557246364667 105 97 76 1.0551922115373529 1 245 4 278
757 1.6513515050960761 -0.77721616168695129 6.6037527959668747 102 85 55 0.046614525706499127 3 295 4 277
756 1.5682572869986307 -0.81885367781941154 7.8348011307127692 199 173 124 0.22088891617757986 1 265 4 272
755 1.656083691103688 -0.86325238992405939 7.8827862570616585 150 147 140 0.2463731025939766 1 257 4 266
754 0.96048426885476412 -0.83229665310797385 7.5182063458229322 124 101 59 1.4062020254433265 1 249 4 264
753 1.4751380675971335 -0.86276273246365687 7.7521415527772604 223 201 154 1.8187701362813351 1 252 4 260
752 1.7178721309011769 -0.87528871620436766 7.1953729670188178 93 85 72 0.365478044374277 1 205 4 259
751 1.8191710538079704 -0.88588614504691687 7.2069761733952777 138 122 86 0.12273562543359434 1 203 4 257
750 1.4109245384698668 -0.87743138846193758 7.6693221346803124 225 202 171 0.71229514376782133 1 242 4 256
749 1.5670196810255079 -0.90554306066260315 7.813901809803923 185 173 123 0.0039619984304115506 1 241 4 250
748 1.3373813154014329 -0.89305093098527188 7.6316357112816195 213 188 148 0.37737346225823476 1 232 4 249
747 0.89321833461581546 -0.88108202080823128 7.6107067488216718 210 191 151 0.38628270825767164 3 150 4 246
746 0.86398929916037959 -0.87467837811084337 7.6054988417355052 150 130 103 0.39736495050289877 3 147 4 245
745 1.6545368829887179 -0.9264510862344697 7.9850879853496775 34 32 20 1.0921894815349966 1 243 4 244
744 1.2587653033898354 -0.90809310053326509 7.5916141133139945 150 135 116 1.6214191556532684 1 225 3 210 4 243
743 0.92456577005951524 -0.88563474818247467 7.5525788397723357 208 192 156 0.015451939698229604 1 228 4 241
742 1.1916306599673185 -0.90526493052877055 7.5829673650246967 189 174 151 0.19062253889493325 1 221 4 238
741 1.1688372152948623 -0.9054666343121236 7.5884752900889918 238 210 171 0.64944800235648925 1 220 4 237
740 1.0797793011359373 -0.89814254509975466 7.5629417081249013 241 219 182 0.46926805458727783 1 224 4 234
739 0.34135609476817758 -0.86388065077464238 7.3459869077279905 113 98 75 0.61187609496274309 3 28 4 231
738 0.22630290126343888 -0.86079091127534046 7.4237590445139787 41 33 20 0.31654835958413685 3 17 4 229
737 1.6492025113700666 -0.95343049693369419 8.0113169961863928 106 94 78 0.18416719536362147 1 233 4 227
736 1.8084403453681992 -0.94790924131256626 7.107491640385021 78 72 50 0.84205192390378936 1 182 4 226
735 0.70052356577761909 -0.91187042856639278 7.8362011827560387 125 107 83 0.30578211057154586 3 108 4 225
734 1.6991910834719757 -0.95051064431075849 7.1661621686426287 84 78 62 0.1608742934360384 1 183 4 224
733 1.475245932753301 -0.96154638652519964 7.7961723431882302 111 95 69 0.068546665647274935 1 210 4 221
732 0.72882649423412094 -0.91521974686284624 7.7095476789285673 113 102 80 1.6969208978475832 3 102 4 220
731 1.3433140777444328 -0.97988451467286164 7.6606487604761941 235 211 173 0.45134648351778134 1 198 4 218
730 1.2605162415065214 -0.98892647547768386 7.6469684270184626 232 210 173 0.29784733597943702 1 192 4 213
729 1.1825745935980885 -0.99068691000804932 7.6254886100861583 228 213 172 0.095592527105721206 1 190 4 211
728 0.24225326707267414 -0.94009286980201434 7.4488046366983074 146 134 108 0.2099137682754858 3 0 4 209
727 1.578829512539635 -1.0210287504819582 7.8680236178924492 121 115 101 0.2722889010151307 1 195 4 208
726 1.7159215212312497 -1.0233984748825804 7.2484515285905786 158 152 154 0.32448615141786741 1 170 4 204
725 1.8151374587894267 -1.0485780228253749 7.3325341055874809 177 162 131 1.04890989342898 1 169 4 203
724 1.1393247087401903 -1.0607635126132888 7.5928778370098922 255 237 189 0.21722221380914938 1 177 4 198
723 0.63934156130938591 -1.0887077966773762 8.1076820160709921 101 92 77 0.61165372133550466 1 185 4 195
722 1.0587768708098253 -1.1102820105551403 7.6369451169544256 71 48 16 0.080091770664000195 1 168 4 192
721 1.7569529213249773 -1.147133873069913 7.266611802990127 132 130 117 0.28787647593878785 1 147 4 187
720 0.53744965533065892 -1.2052921757531463 8.5425617943374643 180 178 165 0.36259834831662319 3 41 4 176
719 1.5200844399951736 -1.2627010079657357 7.9494571892103298 117 110 94 0.47307764551197451 1 158 4 171
718 1.4486311088519628 -1.3627334059729361 7.8907450103251833 113 100 84 1.3063595312029921 1 138 4 156
717 1.3583948881996499 -1.3748517007753926 7.9241875687865679 189 158 112 0.16679272531583883 1 137 4 154
716 1.4075042466303875 -1.4757735597485921 8.1277092505288984 145 137 118 0.11146359346824034 1 134 4 143
715 1.2224337141413946 -1.6183319344810905 8.1880800393046798 170 147 106 0.7765013188833465 1 121 4 118
714 0.9713210426326212 -1.6206882097133029 8.2502166834752941 143 131 107 0.99450182014239519 1 123 4 117
713 1.2125560158253896 -1.6495551071007108 8.2272452683641397 208 176 125 0.41753651073450349 1 119 4 113
712 0.99387381594229185 -1.6515335843687788 8.2847934828939156 121 102 69 1.1155246096032525 1 120 4 111
711 1.1969400858579524 -1.690962941507375 8.2564695570869944 216 194 153 0.11068753911462408 1 117 4 102
710 1.1919833572736034 -1.7953974848328804 8.3944033231016277 89 86 67 0.47163717331559318 1 113 4 89
709 1.1779125269846482 -1.825781166178738 8.4265117178292055 170 149 102 0.27784607038336673 1 108 4 87
708 1.0355361035100106 -1.8343477081771038 8.438338831824181 109 96 77 0.77140582283502424 1 107 4 84
707 1.0140198525651301 -2.0511524041719729 8.5929919608360432 81 83 78 0.53636929817115442 1 91 4 62
706 0.53739282115903719 0.036590008768704663 6.0165788730130672 55 56 55 2.5259451715758603 1 687 3 560 2 304 3 561 4 618
704 0.53743529285318359 0.47826340220515412 5.5189159229945783 153 156 149 0.68209497546475262 2 926 3 1240
702 0.38991045187267426 0.37263026941342492 5.5654397227758592 120 130 121 1.1771713303627003 2 678 3 976 4 815 1 961
700 1.3073925287882233 -0.21140184993206707 6.0574585101221974 122 124 113 1.5382041288203576 1 477 2 183 3 557 4 514
699 0.092460946004426475 0.95922514219748423 6.1557355679126164 113 115 110 0.75046375062315052 3 1882 2 1763
698 0.025019327269717284 0.95849010181646066 6.1459113694811283 85 87 82 0.97938039151007295 3 1876 2 1762
697 0.99991912329757171 0.74868141244865438 5.3533319095284719 161 163 157 1.1192667370011837 3 2006 2 1755
696 0.77533451962840516 0.76114683791094462 5.3755313860733978 109 114 108 0.77821948390485651 3 2003 2 1750
695 0.4021371841314838 0.767831763597006 5.3674009279053339 131 139 128 0.7017156182514539 3 1991 2 1737
694 0.026989967975023621 0.93657777576955348 6.1526604373066291 87 88 80 0.94630480056169897 3 1831 2 1715
693 -0.016860762741427116 0.9379694533200893 6.1707480268726842 101 102 94 0.2425341938115026 3 1820 2 1704
692 0.16491358609953388 0.92500993833332656 6.1378969308868712 116 118 108 0.60722283940880895 3 1836 2 1697
691 0.11477466399057074 0.92125241041141237 6.1299757037784381 111 113 102 0.26048766147685365 3 1828 2 1693
690 0.72844450475105149 0.74568261068435993 5.3887818042217717 155 156 150 0.25122440642711424 3 1956 2 1690
689 1.2436390814590403 0.6973536842360526 5.2908811863711538 121 125 118 1.1332454413874673 3 1947 2 1679
688 1.230138128242718 0.70180868657322792 5.3128626979814157 116 119 110 0.45182485325044675 3 1946 2 1673
687 0.90353758224511038 0.79454226388591476 5.6832368259455794 50 45 35 1.8671390942920376 3 1914 2 1672
686 0.9845157302804004 0.73838208068658684 5.4373504835145603 120 118 106 1.4111038433908898 3 1939 2 1668
685 0.39336408569580777 0.75156538106661397 5.4088472398109246 146 153 146 1.7346789794224566 3 1910 2 1666
684 -0.17573522091937066 0.97616106360725796 6.4380650547715605 102 107 100 0.48905547962295426 3 1756 2 1665
683 1.0472179570928382 0.71451752902635524 5.355988528875617 137 142 135 0.58566004292052609 3 1931 2 1658
682 0.99804583095553967 0.71850182337617263 5.3640681238026566 131 134 125 0.46905844373900329 3 1930 2 1657
681 0.99182464241109058 0.7789849775949591 5.6813690400527577 60 50 41 2.1714653456114292 3 1856 2 1655
680 0.025116551384740227 0.91275025601499959 6.1633463618262265 93 96 87 0.61047071758301008 3 1787 2 1651
679 0.91201338725860448 0.78205892946375788 5.6624276920479701 23 19 11 1.519190440145038 3 1900 2 1647
678 0.059961061700217977 0.91211861223471669 6.1687663288298165 73 81 68 0.14898459984097218 3 1794 2 1645
677 -0.021948608122507374 0.91271110804061029 6.1621298562432427 118 119 111 0.23199549420036542 3 1777 2 1644
676 0.7301457291578517 0.73242694243879614 5.4002014696431342 140 143 134 1.2362439604744626 3 1913 2 1639
675 0.15466256819816532 0.90413906672407074 6.1796325051959267 95 95 88 0.15162262291832346 3 1778 2 1636
674 0.53694176687048856 0.74549045003967007 5.4405722944753281 107 112 106 0.89773167819575428 3 1893 2 1633
673 0.11145513518562036 0.89564150201885373 6.1839558302155773 141 138 129 0.24682930067561648 3 1768 2 1616
672 -0.17535550099099234 0.95666955369720874 6.4682750228072132 107 112 105 0.70525640934396716 3 1704 2 1614
671 -0.20785203725585133 0.95521671615561465 6.4521075540966333 75 81 77 0.49084661299912158 3 1703 2 1613
670 0.027471396558754635 0.89248070265891277 6.1704586839916251 87 87 79 0.47354428128862641 3 1753 2 1606
669 -0.026596879091923931 0.89212119810344315 6.1646446853250438 121 122 115 1.0265485983943821 3 1741 2 1605
668 1.3176543971537409 0.67756222262635935 5.3079313049862691 148 149 143 0.51023885696692228 3 1916 2 1603
667 -0.0027703310076696575 0.89175695382393183 6.1694268540309256 121 123 113 0.21516675670950841 3 1746 2 1601
666 1.2462066207208728 0.68877162008279269 5.3743052649255549 96 99 92 0.27792452176044385 3 1887 2 1597
665 1.2507507217281018 0.67558090350375621 5.3360017365456667 119 120 112 0.18262555153345947 3 1879 2 1589
664 0.39448010614845563 0.72844870537518447 5.4162126918870808 157 162 155 0.25923479831283008 3 1845 2 1588
663 -0.18232885882318461 0.93407953529508392 6.4635749546264609 95 100 94 0.40355855245356992 3 1659 2 1586
662 1.2809533732704921 0.67165795508140802 5.3265128196173883 88 88 86 0.56235008180822843 3 1888 2 1585
661 -0.20620999495044534 0.9340304426283399 6.4614222485840251 78 83 77 0.38033074097187425 3 1658 2 1581
660 -0.23496100913173457 0.93250792626949774 6.4593705608042296 105 110 106 0.51165820068930179 3 1652 2 1580
659 0.9855048653129771 0.70419503284853446 5.4286384007841182 44 47 40 1.4264506308382352 3 1868 2 1573
658 0.43214032879241748 0.72451536253466708 5.4138119997792673 159 164 157 0.25611853826758041 3 1846 2 1571
657 0.062078740683142369 0.87225751467567525 6.1805592636795694 99 99 89 0.14969769984443548 3 1721 2 1570
656 -0.0064315863481741453 0.87029852634663674 6.174693276214624 125 126 118 0.49633444950830574 3 1696 2 1563
655 0.026873708903672688 0.86788471093613773 6.1782165145212726 98 99 91 0.35389887622134042 3 1697 2 1561
654 0.77873258074559204 0.70432215918492647 5.4170351158310233 130 135 128 1.7185344897310335 3 1834 2 1559
653 1.3065457790383046 0.65757607247221905 5.3155737154989033 149 157 146 0.25189239100630251 3 1854 2 1545
652 0.49072899442508866 0.7129489672954209 5.4301371062980319 80 85 79 0.34161077276469259 3 1814 2 1540
651 -0.20571406971971795 0.91146155249762639 6.4679076086345653 82 87 81 0.0028893904855296451 3 1598 2 1539
650 0.15105840676481941 0.85280767352625442 6.2006503565630391 114 114 106 0.5723562972299272 3 1678 2 1536
649 0.11092693866184536 0.85533724622694374 6.2063468371563424 99 104 90 0.58139147075136477 3 1675 2 1535
648 0.061281458508504666 0.85115431526358554 6.1972885050369317 96 97 88 0.4273888758977607 3 1665 2 1528
647 0.13117636118552814 0.84741904768770571 6.1958377629570611 26 28 25 1.1027340148696527 3 1674 2 1527
646 0.02941808991393724 0.84762343190878964 6.1853842583418173 92 93 85 0.089386811844772804 3 1654 2 1526
645 -0.0025982348219104057 0.84629544330279116 6.1875002622414144 123 124 115 0.28185083829985397 3 1646 2 1523
644 0.39328527260233243 0.70616767484072174 5.426996949820067 155 160 154 0.52398019632091664 3 1798 2 1515
643 -0.15985869274208642 0.88514814071881864 6.4603261309868767 119 121 116 0.19308360169934485 3 1565 2 1511
642 -0.20448922404913639 0.8880917470591958 6.4780246193475115 79 84 78 0.18007084567264059 3 1556 2 1508
641 -0.24204452851555336 0.88778975765720758 6.4674166056949307 105 111 101 0.13801420693980565 3 1549 2 1507
640 1.2819983103610262 0.64321641068381452 5.3390824992183337 90 92 81 0.098416066942589892 3 1825 2 1498
639 0.060402591848826792 0.82993366808054514 6.2031541646517585 102 104 93 0.37727824321403847 3 1612 2 1496
638 1.3054028836272171 0.63614646832448185 5.3215679080920673 156 160 150 0.5031631437582178 3 1815 2 1485
637 0.87063777710490575 0.7214097345285968 5.7426451898164537 34 34 22 0.41187153484864636 3 1749 2 1483
636 0.716953796987992 0.68371542757240533 5.4381901059986504 142 143 136 0.74465441876225968 3 1790 2 1482
635 -0.018519034163839154 0.82877964099091228 6.2032987435013833 124 126 115 0.38875026745996455 3 1590 2 1481
634 0.82954825162137569 0.68625797523606047 5.5118097523610992 25 27 18 0.059733343827666562 1 1281 2 1473
633 1.2549752737708628 0.68134476837733615 5.6821072374380517 35 36 31 1.0144001673990815 3 1766 2 1462
632 0.15090728083561164 0.80744877522044123 6.2154158968824067 108 105 100 0.23886050082765356 3 1575 2 1461
631 0.11149745118108095 0.80819865947761393 6.2231161285977272 82 86 73 0.14751836603193891 3 1567 2 1457
630 0.059286555376747735 0.80713222695365749 6.2144786386378277 103 105 92 0.10157568303327352 3 1561 2 1453
629 0.42744332436493082 0.6823535662129645 5.429380491853868 141 148 139 0.24356137226651134 3 1764 2 1448
628 0.39490230038404567 0.68438980358938251 5.4346281412289512 148 153 146 0.13857982629182 3 1755 2 1447
627 0.027592733896796673 0.80600872111176336 6.2074356748027384 91 93 81 0.22032584366704627 3 1557 2 1446
626 -0.0057205107599402338 0.80611068568276145 6.2063713826664468 124 126 113 0.32506366663937991 3 1545 2 1445
625 -0.054745545849264277 0.80691507085424574 6.2057676248786517 129 132 125 0.65501994161039545 3 1541 2 1441
624 1.2476196359883041 0.67280159765253955 5.6890634452973874 16 17 11 0.89853352812174347 3 1743 2 1439
623 0.97853616944722022 0.69049642068459505 5.72043004759872 34 35 29 0.14165018091827045 3 1728 2 1437
622 0.96798242177809635 0.69189804552009493 5.7249533836417532 22 25 16 0.31032414205854641 3 1727 2 1436
621 1.281979903016041 0.62223550359693736 5.3483200873000101 103 104 96 0.29377216920897847 3 1791 2 1434
620 0.88840246836668502 0.69560014766389333 5.7427488268638962 26 27 19 0.37237867964378413 3 1711 2 1433
619 -0.20531096553032913 0.84693273992051799 6.4974660724865752 85 92 85 0.23692681788214631 3 1456 2 1432
618 1.0648093252673854 0.64125908681024757 5.4017367146060744 101 98 93 0.95899643497646758 1 1247 2 1427
617 1.3122136797028914 0.61278044605835724 5.3344547905461068 158 162 153 0.6232946254843087 3 1774 2 1405
616 0.71453458912369772 0.66075025286381095 5.4453053003486334 67 68 62 0.70719262259301263 1 1266 2 1400
614 1.257871312121039 0.62395993144592221 5.4296983085866177 33 41 30 2.0034013579284409 1 1201 2 1387
613 0.027540655891615529 0.78302612422633988 6.2153146119923814 96 98 85 0.25302919070157481 3 1498 2 1382
612 -0.15958061637377752 0.82278031859576028 6.4942574738409462 125 126 118 1.0177379516510956 3 1415 2 1381
611 -0.0034912666281205484 0.78307132129941082 6.2073389523863884 129 131 119 1.1176644700695686 3 1497 2 1377
610 0.48922424664707137 0.65144952128989297 5.3492336336247561 124 128 114 0.44847849174060184 1 1263 2 1375
609 -0.20487059309526778 0.82349118413456113 6.5046811413443137 93 94 88 0.054734024292147854 3 1406 2 1374
608 0.37463365703296714 0.6678652236002327 5.4456012704858896 112 106 102 0.38242083840423485 3 1709 2 1372
607 -0.23412369124437826 0.82315872463836337 6.5012567926016329 112 114 107 0.45515192460355042 3 1401 2 1371
606 0.42761149971831847 0.6602031102925926 5.4385215608591269 137 140 129 0.19900152104888913 3 1701 2 1362
605 0.39352497904850614 0.66220496080445745 5.4424577163254622 149 154 147 0.14109091332674217 3 1693 2 1361
604 0.059450103160573031 0.7659378901345113 6.2342627338544236 100 100 88 0.17919882653536567 3 1468 2 1347
603 0.82209107411097959 0.64513629172239495 5.5296237435197089 28 29 20 0.12774764111598019 1 1223 2 1344
602 0.02808480964206983 0.76291421011953686 6.2235241972505015 100 100 90 0.22361172108705635 3 1453 2 1341
601 1.0420017807966535 0.61649900553729586 5.3974324710432313 145 146 138 0.43587794538192015 1 1203 2 1339
600 -0.15586859018994192 0.79917114495596175 6.4934096698841941 127 128 122 0.11213227746971705 3 1378 2 1333
599 -0.20394998917747909 0.80218285253151533 6.5115368069372153 94 95 90 0.35753848978626013 3 1371 2 1332
598 0.74993916133417171 0.63602134532346499 5.4399571619558174 107 107 99 1.4675296085626257 1 1240 2 1318
597 1.9309936441736018 0.61229857336402804 6.0337109842928527 108 111 104 1.8958487969960991 1 1120 2 1299
596 -0.20327820225639448 0.78075930512972247 6.5254517078399665 92 94 81 0.086004928487673632 3 1317 2 1294
595 1.0681096907953438 0.60219464012929746 5.4249743458052908 49 50 45 0.6980625320117535 1 1188 2 1288
594 0.39134636647690602 0.64109196970203142 5.4491274992933345 155 165 156 0.35848862723303737 3 1638 2 1284
593 1.9890063908536837 0.59090456866171659 5.9880043954947197 128 133 127 1.6144449190143706 1 1108 2 1279
592 1.9008055950543414 0.59833915165926377 6.0604766716738432 99 105 95 0.57977968424992588 1 1111 2 1268
591 1.8844298767391863 0.60139473420675227 6.073039420165907 126 129 118 0.11121553351054814 1 1112 2 1267
590 1.927396315849583 0.59121149996285682 6.0365318819084344 112 112 102 0.43172661274906088 1 1107 2 1265
589 1.2491069019501544 0.58242917557631957 5.4351570042754815 94 94 84 1.8049217982922687 3 1694 2 1260
588 0.05879356856701673 0.71998646420372525 6.2481610683188586 110 110 99 0.68737864461621845 3 1374 2 1259
587 0.026170550347821009 0.71946413766116768 6.2408011161599566 101 102 91 0.01847835678118448 3 1367 2 1258
586 -0.018631258512735338 0.72052599278066576 6.243215542985034 134 135 127 0.41245633805677895 3 1351 2 1254
585 0.71064817936239111 0.61232133390287791 5.4666822905588397 55 54 49 0.44801532344541029 3 1634 2 1251
584 0.77408290903712329 0.60549728041230377 5.4495665837213263 79 80 72 0.17891024173085979 3 1640 2 1250
583 1.2531302123235735 0.57839375186624375 5.4686793112868193 100 100 90 1.2525273960883347 3 1671 2 1243
582 0.73111352041116962 0.60537969135485936 5.4442881094229847 110 112 99 0.36243744990043425 3 1627 2 1241
581 0.97898830258750302 0.59252580683359946 5.4957565499678633 53 53 41 0.16398598853527679 3 1629 2 1237
580 0.48865410312607571 0.61657820167689859 5.4623265078826648 67 70 61 0.44679064784424738 1 1199 2 1231
579 1.9308228913693319 0.57342720525976376 6.0526110219354603 107 110 101 0.63652984921159395 1 1099 2 1229
578 1.2507172412932599 0.56919996070413681 5.4506624656092768 117 117 107 0.90256002238886168 1 1141 2 1227 4 943
577 0.42612081383240474 0.61740505217301322 5.4548866657586172 150 152 141 0.13521545141502575 3 1579 2 1226
576 0.39506361508309384 0.62040503865414931 5.4613815376393102 144 148 141 0.56652924970566765 3 1578 2 1225
575 1.0103802926543877 0.57987995858687846 5.4158556580576427 139 141 132 0.78554472345282256 1 1162 2 1221
574 0.54593641913175395 0.61299722077023033 5.5282322161736417 82 82 70 0.33228542124738475 1 1183 2 1217
573 -0.15693228792715219 0.73180403863678123 6.5315229264903234 130 131 123 1.6198920303414557 3 1217 2 1215
572 1.8485890864311916 0.57188527380074494 6.0889172850944 97 99 90 0.18593637294971754 1 1094 2 1210
571 1.2630081569852059 0.55296991526464156 5.3845806677342303 108 111 100 0.63996411239224482 3 1657 2 1199
570 1.0736306258230441 0.56788724923283107 5.4210218446973268 163 166 160 1.15041598047536 1 1151 2 1198 4 935
569 1.8999142978783041 0.55830488498216391 6.0754766926759416 109 113 99 0.030650667560459213 1 1088 2 1196
568 1.8910115927402462 0.56001957352276122 6.1053077111923599 123 127 113 0.57443761329505238 1 1085 2 1195
567 0.80551533796728647 0.58328107401646645 5.4453708172590991 106 107 102 0.025169535854977818 1 1158 2 1191
566 1.9670706623940684 0.54077858852592076 5.9871272906134951 123 124 118 0.61504328707194755 1 1077 2 1186
565 1.8337153380946547 0.55438467634681365 6.087204435742704 137 141 127 0.47203448764191802 1 1081 2 1182
564 1.0497944226526497 0.55926756137274969 5.426131605088429 145 147 141 1.2670666402259827 1 1131 2 1175
563 0.72539123357278301 0.58179717020917732 5.4537062203565725 112 115 108 0.072381213950687029 3 1568 2 1174
562 -0.0017410485208118609 0.67449806981683436 6.2586558589160042 138 140 127 0.095086201138881693 3 1236 2 1173
561 1.9276633930203051 0.54309605288634055 6.0577793233536905 118 119 111 0.44297617893994456 1 1076 2 1171
560 0.12941127727680596 0.66784557938410594 6.2781381250299155 26 28 17 0.75836627247846855 3 1266 2 1167
559 0.42717060531630391 0.59591865925824483 5.4615419210555096 134 142 129 0.68013100821644135 3 1530 2 1160
558 0.11881651402407359 0.66540055669330922 6.2792620863212951 106 103 88 1.4558631470901773 3 1257 2 1158
557 0.39192170582528629 0.59666430992855135 5.4651799839311419 144 158 145 0.67749278811050306 3 1515 2 1155
556 1.3054914464361709 0.53618632787555787 5.37953309964551 115 117 103 2.2926685749957851 3 1651 2 1152
555 1.8285418573773609 0.53768927435782743 6.1162786490557011 104 106 98 1.5635800208233244 1 1058 2 1147
554 1.3120951423508616 0.52502135014314688 5.3654390153942817 159 166 158 0.59535689125296976 3 1623 2 1139
553 1.2546538058486327 0.53104911695561963 5.4740474554729879 76 76 64 1.5715525194205571 3 1580 2 1129
552 0.70692212473453386 0.56467800358438403 5.4904160798205606 68 67 63 1.1751736898377376 3 1516 2 1126
551 0.89508432495289214 0.55042143950031486 5.504472265156461 33 34 29 0.23234075286360223 1 1119 2 1122
550 0.058307885932925879 0.63549370945998285 6.2805282206952509 116 114 101 0.23276684749857476 3 1160 2 1121
549 1.9571169941718591 0.50281212092337912 6.0479628086848027 142 144 133 0.49380720427508995 1 1047 2 1117
548 0.39490822217469945 0.57660851704715277 5.4767689840958607 145 152 144 0.53008014701290751 3 1461 2 1110
547 0.42634389663884564 0.57252100506627313 5.4704895636598483 142 145 136 0.11356048430608739 3 1462 2 1106
546 1.04505283978844 0.53036878472581295 5.4177178626430615 112 115 106 0.0081436336471750349 1 1109 2 1104
545 0.99716954091680843 0.532014888144271 5.4016565030550634 123 129 119 0.75016929630186402 1 1115 2 1100
544 1.307478832969299 0.50523127594213779 5.3766746709057429 164 166 155 0.030389767691285104 3 1570 2 1085
543 1.2538260810345361 0.51233510373001823 5.4366220891002524 147 145 132 1.1406048591164673 3 1558 2 1083 4 913
542 0.12955282734024401 0.61324874046498745 6.2912037310642006 139 141 130 0.47250260629921592 3 1144 2 1079
257 0.059554847510293135 0.61290199807257262 6.285656068982961 188 189 181 0.42760884704662594 1 1102 3 1120 2 1076
256 -0.27103670130812474 0.62726475530600867 6.5976041966082342 200 203 212 0.62133984810656784 1 1096 3 998
255 -0.20404323104596589 0.61258099768490371 6.5940238201855141 208 211 204 0.28346601850230163 1 1089 3 993 2 1047
254 1.2991526475055573 0.48622384167505495 5.3796738820235648 233 236 227 0.61136622869746882 1 1080 3 1532 2 1038
253 0.96104800881084052 0.50153933583143384 5.5193024109718962 84 85 80 0.81608645126050705 1 1079 3 1436 2 1010
252 0.18413087311628412 0.56369243981123696 6.2889884261657141 208 208 200 0.97899613175593125 1 1073 3 1073
251 0.22826187575644763 0.56455769495234143 6.2914646838232224 108 108 108 0.06513534186666417 1 1070 3 1091
250 0.022901118792825637 0.56101343696314065 6.296005598909959 152 154 149 0.78137850503740791 1 1069 3 1028 2 995
249 0.39365027096171695 0.48575783907363779 5.505982414858047 92 99 91 0.93019264581801064 1 1065 3 1206 2 917 4 880
248 -0.05342328375754235 0.56380254755024095 6.2955605968675847 212 213 208 1.4222609938293189 1 1064 3 1012 2 1000
247 -0.20527007659742669 0.58156950818672848 6.6009053558082513 108 110 107 0.39542605461822344 1 1063 3 954
246 -0.27220183301006839 0.58304778993188366 6.6083247418851689 77 83 91 0.74028415063380182 1 1062 3 944 2 993
245 0.79803488146554136 0.47554611988464113 5.4814640720578431 52 53 45 1.6621460359395479 1 1061 3 1346 2 951 4 883
244 0.45700365395031539 0.47978388296886387 5.4948974163043243 160 161 156 0.73522413725348712 1 1059 3 1220 2 907 4 881
243 0.49898768418283002 0.47563773091080186 5.4961455478465231 223 226 220 0.84768588221089392 1 1057 3 1229 2 908 4 878
242 0.53512558744494521 0.46575387429484649 5.504313618994872 218 214 211 1.018833340962275 1 1054 3 1207 4 873
241 0.83318534836964619 0.44577613859698373 5.4964325637833795 215 215 215 0.45390448262195421 3 1286 2 896
240 0.66531968574623124 0.45405338748860902 5.5081610349793131 231 231 231 1.7870930627445381 1 1039 3 1243 2 889 1 1038
239 0.56231982316907536 0.452710872003806 5.5196560662816339 210 207 205 1.60612887912236 1 1037 3 1172 2 875 3 1194 4 860
238 0.056680761696399268 0.51844902415958993 6.3247982345109026 154 151 144 0.61239262841929409 1 1036 3 974 2 954
237 1.3085318277134663 0.43419447060852312 5.396298387594519 151 156 149 0.98177606840088494 1 1033 3 1426 2 939 4 879
236 0.94853369841364865 0.43850209898891723 5.5006322438592195 192 192 194 1.4222760846314064 1 1032 3 1300
235 0.4588233818735985 0.44291721677766244 5.5204687102550558 205 206 201 0.27878408540667432 1 1031 3 1128 2 846
234 0.39496635886721032 0.44738535875527219 5.5332329231032036 87 94 93 0.54028810044422237 3 1115 2 844
233 -0.27193838543735005 0.53442952930376775 6.6406186240394449 123 133 135 0.8750151530195539 1 1029 3 890 2 949
232 1.3749536549956329 0.43076213070839703 5.3927927482993478 153 160 158 0.66191659455733332 1 1026 3 1438 2 946 4 874
231 1.0800657015596626 0.43542507247528761 5.447386216004638 196 195 196 0.76753094851222503 1 1024 3 1364 4 871
230 0.82674310771865778 0.43654284392818477 5.4886427881501634 227 235 237 0.07602086802724696 1 1020 3 1260
229 0.84692394528411352 0.43742124708978203 5.4930324307770997 204 205 206 2.078281128162335 1 1016 3 1253 2 890
228 0.86090132009554055 0.42773394563611694 5.4926054898189438 227 231 227 1.881053585863814 1 1008 3 1230 2 872 3 1254 4 856
227 1.0999125899067195 0.42067500492491328 5.4534544852517843 223 225 220 1.2377229501330183 1 1005 3 1332 4 867
226 -0.053371597973622953 0.48009207594979808 6.3437390400674207 70 90 101 0.63203272732387206 1 1002 3 905 2 898
225 0.71587059984429968 0.41023345709485559 5.516827158627077 135 137 136 1.4141806102826804 1 997 3 1154 2 818 4 832
223 0.7820066050503951 0.40707055075932819 5.510277199786751 156 156 154 0.95007096183189721 1 993 3 1169 2 821 4 837
222 0.38658182819655185 0.41027331542063017 5.5492555098681589 73 72 78 1.8483567080204804 1 992 3 1036 2 761 4 831 4 840
221 0.52270152388098889 0.40554536203581315 5.5444464035447627 172 175 168 1.120400952079688 1 991 3 1076 2 775
220 0.46223024447263128 0.40740940611419291 5.541843872215038 179 186 178 0.81827908788811854 1 990 3 1056 2 774 4 829
219 0.56050599387568778 0.40154616259159026 5.5400129058717242 232 232 232 0.45514194133831759 1 987 3 1079 2 776
218 1.3061248462001604 0.39656646809999896 5.4187632459204433 246 252 245 1.1806981488568977 1 985 3 1365 2 867
217 0.67229792923657716 0.39718615729246026 5.5252967908232851 222 224 223 0.40333954126618371 1 984 3 1110 2 784
216 0.45991788492397351 0.37211466385379166 5.5553656330469696 138 142 142 0.71264178453118832 1 970 3 1002 2 685 4 816
215 1.3074970701773998 0.36268534614278614 5.4447602784732005 170 179 175 0.60821385179199605 1 969 3 1274 2 808
214 0.044756447653184761 0.4236668749475318 6.5028212035525117 174 177 172 2.2092476445952358 1 965 3 862 2 848
213 0.022627967401752158 0.39185721935849865 6.5594928524426388 143 145 134 1.1082887565665331 1 952 3 809 2 817
212 0.92152226408273352 0.33618968074942474 5.6109207240714865 129 128 124 1.7846767942700152 1 949 3 1057
211 0.19249787250475819 0.39823354355791801 6.6499929831191711 232 232 224 0.73268866583611636 1 948 3 858 4 767
210 1.2276075537829929 0.32674058036682652 5.4772121445924631 170 171 173 1.097487847614407 1 947 3 1163 2 705
209 -0.020732345930933871 0.3941386107688169 6.5591816433018009 233 233 225 0.47127878623971126 1 946 3 803 2 820
208 1.3089940059315501 0.32670089505708588 5.4553189632789518 156 162 157 1.1753259647963197 1 943 3 1189 2 721 4 820
207 0.086362821594854283 0.39485261106501823 6.6384197258625264 115 115 103 2.0153997595754252 1 942 3 817 2 843
206 0.45821784224719742 0.33051291092819002 5.5662276695683133 209 214 207 1.4083222614010378 1 941 3 940 2 619 2 634
205 0.61614414823626351 0.32289015530864962 5.5628557086526067 139 144 138 1.6961434782078035 1 939 3 969 2 635 2 644
203 0.56284497685476786 0.32458457691552922 5.5423920760828835 112 113 105 0.84931109079942635 1 936 3 966 2 625
202 0.48917844965393931 0.32697433132021331 5.5537406346538383 127 135 130 1.4146455457184142 1 935 3 946 2 620 4 793
201 0.7234044788505033 0.3155932193234432 5.4984001986906277 102 108 106 0.54523705277091183 1 931 3 1004
200 0.8533066418323404 0.30677836088768423 5.5089904357327404 85 85 83 0.24481445040775987 1 926 3 1021 2 631
199 0.93118934229514583 0.29954114702382245 5.5402662580528954 105 107 106 0.7966187832734577 1 921 3 1025 2 639 4 786
198 -0.076083554159943778 0.34857848711360295 6.5735574941428823 189 197 199 1.4252103525558051 1 920 3 725 2 755
197 0.1727401709069622 0.34969635005677313 6.6627709526408285 208 206 190 0.4232467684061505 1 918 3 804 4 737
196 0.021409800376211652 0.34290369819342548 6.5747370552676827 143 146 137 0.36283702950223523 1 912 3 751 2 759 4 734
195 1.1633091378669445 0.28900586897749719 5.5228354377417048 126 128 118 1.0853156334283462 1 908 3 1070 2 661 4 778
194 0.45980518199755105 0.29129766056939765 5.5755304813971014 150 156 153 1.7518135923378484 1 907 3 892 2 535 2 561 4 747
193 0.39026047471492886 0.29632883405780458 5.5954685115374971 201 202 206 0.65959992988552973 1 906 3 875 2 560 4 757
192 0.098093032326436569 0.3406050884332133 6.6593335159607578 42 45 35 0.0092913414369276467 1 905 3 768
191 1.3124265342225498 0.28098598383923673 5.4795887606501772 139 150 145 0.94287426399571117 1 898 3 1111 2 655 4 788
190 1.1175307618981096 0.2799502917939467 5.5032728862442193 225 225 225 0.24487350678019743 1 895 3 1052
189 0.4310350269650931 0.2767856398159137 5.5787217319256674 163 185 176 1.741551919549619 1 883 3 868 2 507 1 882
188 0.11379651877473093 0.30495895354919811 6.6516312085026534 82 84 78 1.1729172113319442 1 878 3 730 4 703
187 0.48268465064671068 0.27426705701013221 5.9124528047274172 228 229 223 0.10807859036184897 1 873 3 849
186 0.185810759825559 0.30093717344540855 6.678321595580746 122 120 107 0.54332299380331162 1 872 3 748
185 0.22146637139545305 0.2956768182275642 6.6786860048542342 209 214 194 0.52824578974872727 1 868 3 758
184 1.3073937413405665 0.24536497210754188 5.4873456592728278 174 175 173 0.86927534129915929 1 860 3 1060 2 586 4 751
183 0.23355550059518035 0.26310753797830599 6.6868700920125512 206 203 201 0.74668531461533127 1 841 3 723
182 0.86098575021283452 0.23548235870476908 5.914412851935051 224 225 219 0.41761353226959308 3 903 2 612
181 0.68492660240047298 0.22688885940422135 6.0003150575739079 117 126 133 2.0842529056719612 1 836 3 841
180 0.64254261069133989 0.22812444345309554 6.0197219961245434 153 158 151 1.8662618481608597 1 835 3 837 2 593
179 -0.08022882629273953 0.2539630239281494 6.6504718215862528 150 158 163 1.382026416351402 1 834 3 602 2 662 4 686
178 0.96186242032541713 0.22739025137176239 5.9516622595470707 204 208 207 0.84145805437080001 1 830 3 913 4 709
177 0.47665217146472583 0.22284221816984887 5.7542011871288352 151 163 164 0.76820733060267643 1 829 3 789 2 464 4 704
176 0.10738722822085078 0.24604490589958972 6.6969160383417421 200 202 197 1.0289751878756166 1 828 3 653
175 0.047926262260576891 0.24981096143970904 6.6416102814885196 98 98 86 0.62617496527987904 1 827 3 633 2 668 4 691
174 0.93726184846228 0.2220075046372828 5.9550547199292136 90 93 97 1.1286736639549695 1 819 3 904 4 701
173 1.0713473156557209 0.21906339188682022 5.9218263838121761 200 200 200 0.53731992509123572 1 816 3 932
172 0.44116350367776014 0.21038308808266432 5.9973889279743542 97 114 119 1.1081382097231693 1 813 3 745
171 0.25017596891609212 0.22398502188184338 6.6592460276404744 166 177 173 0.25218498014283464 1 810 3 676
170 0.51275639700337305 0.18523808167500208 5.961239566591118 192 193 187 1.1988017106996709 1 800 3 736 2 473
169 0.18819052725689767 0.2050523164483278 6.6897445637499926 140 144 141 0.28372779950056687 1 799 3 629
168 1.2197847063153793 0.19009817753976818 5.9520937347866383 178 183 179 0.80251713932593949 1 795 3 928 2 606
167 0.78292500685774624 0.17882195479963275 5.944593357109647 230 230 228 0.71305747582421564 1 791 3 818 2 503
166 0.24703073165066874 0.19260442856985655 6.7049935639669052 145 169 163 0.67976588039808916 1 790 3 634 4 666
165 1.3090862392421505 0.18290405794584003 5.9063441875020679 141 153 148 0.57660479177420931 3 942 2 600
164 -0.016310772074349389 0.18000168032254577 6.6734193338838743 153 153 145 0.48572147761042717 1 784 3 544 2 598 4 654
163 1.2643703068850527 0.16558650441388886 5.9455144392486678 227 229 226 0.50786412466966435 1 780 3 924 2 573
162 0.052761175545776473 0.16555464324709412 6.7323793415217441 46 46 38 1.0748910162875638 1 777 3 548
161 -0.13901336546738313 0.16540753607434625 7.106431821272575 101 103 102 0.67298133652493908 1 770 3 510
160 0.81322081621927833 0.12750503512635183 5.9924978113064702 216 218 215 0.73648736523948999 3 772 2 433
159 0.17213974803252746 0.1548716648294079 6.7133497815072145 157 158 152 0.39386379530829868 1 764 3 585 4 646
158 0.51278800803635538 0.12010591599237205 5.9828826924401532 170 170 169 1.1936795098567863 1 745 3 644 2 390 4 660
157 0.13978285011437616 0.12262219170349944 6.7266001799823787 84 86 80 0.32544502103460821 1 742 3 540 4 634
156 0.048887814764205784 0.12186778814915009 6.7558876685733331 129 128 126 1.3526727522165087 1 741 3 511 2 551 4 631
155 -0.066755847590295569 0.12067438643057593 6.7609014755935126 138 138 136 1.45442119246351 1 738 3 487 2 516 4 626
154 1.187827441506478 0.11112764574409012 5.973386628384608 55 60 56 1.3338328210079815 1 733 3 855 2 456 4 661
153 -0.0086054644828807425 0.10773545089648884 6.7357188963389953 153 153 148 0.56972371673825151 1 728 3 488 2 506
152 -0.22727537603919445 0.086927014313954554 7.4210163692498661 170 187 210 0.46018899761663201 1 720 3 436 4 591
151 1.1319525637463874 0.083880977211774788 5.9735902456851351 151 154 147 1.2577733887282538 1 713 3 810 2 417 4 648
150 0.5117294668403839 0.066166853483654031 5.992918194992324 156 157 151 2.4071473165205908 1 709 3 586 2 333 2 343
149 0.722502152232818 0.067791320014222112 6.0307594946240624 227 227 226 2.3932209218961273 1 704 3 649 2 377
148 0.17336379250032152 0.053865583407724849 6.7167770282285835 216 215 210 1.2151317288333363 1 703 3 491
147 0.80753259702582192 0.061212871917940781 5.9770761848545231 20 18 21 0.62857358632908755 1 700 3 681 2 358 4 638
146 0.61047252550935927 0.054132849783494641 6.0578993376364263 152 153 147 1.4232967113723289 1 697 3 598 2 356 4 632
145 0.03747657442502067 0.04942571675646662 6.7714977635624578 165 175 177 0.28033006534567473 1 695 3 448
144 1.0309308415595437 0.049575248567473917 5.9474051930092724 33 34 29 0.56129668450606696 1 689 3 747 2 364 4 639
142 0.21360638754853711 0.037913911627922126 6.767699363586674 85 86 80 0.67935369145709001 1 686 3 494 4 592
141 1.4009186356940224 0.041798157474519759 5.8595748109268992 145 158 152 0.70514722357129656 1 685 3 842
140 0.38950837937536786 0.038931068995399609 6.0268160554919685 177 178 162 2.2655224728891552 1 684 3 521 2 299
139 0.64190657895682335 0.035174417141956071 6.0366704342694764 145 146 145 0.010299468329469316 1 680 3 596
138 0.84018277200832969 0.026612899986713623 5.9720700487602008 138 138 138 0.90633623971005006 1 675 3 650 2 322
137 0.77079559295961664 0.033306102596904918 5.9604087779225807 170 170 168 0.97523488608092657 1 674 3 624 2 320 4 619
136 1.1413862443905995 0.025107881549399858 5.9866569214628811 153 150 145 0.59352924800821749 1 673 3 749 2 359 4 621
135 0.95808354875173696 0.022705021492355537 6.0169011364994756 150 154 156 1.0940653377189298 1 668 3 692 2 341 4 616
134 1.3027748106459591 0.021506624009413222 5.9601425644941077 105 111 107 0.39455860158086659 1 666 3 792 2 371
133 0.99947223921326178 0.016914376378141804 5.9575704038598492 144 144 144 0.74110046243808814 1 665 3 698 2 327
132 0.46088326606577018 0.0138130069627867 6.0218795179205129 177 183 181 0.44695341338395328 1 663 3 518 2 278 4 606
131 0.24479043350248642 -0.0060877841156948276 6.7977871736235018 96 100 99 1.5758634442348685 1 662 3 458
130 0.79410355583304337 0.0091394493250312459 5.9869464062389728 219 220 221 0.49167650449643546 1 656 3 618 2 302
129 1.3021739388037774 -0.0088021586041230337 5.9212798252832055 137 144 137 1.8353489185718856 1 650 3 759 2 318 4 613
128 1.1108747149999698 0.0024098691330101119 5.9871061519456337 136 137 132 1.6326399230155364 1 649 3 715 2 337
59 1.4023667042599035 -0.22954302521427045 5.9767195473536168 204 206 205 1.9058723691293415 1 461 3 568 2 158
58 0.85399500300683773 -0.24467776876369268 6.0904227313144546 171 171 170 0.76352056875663254 1 457 3 409 2 126
57 0.067463763997846649 -0.31306547240810628 7.0246724173560784 146 166 181 0.57624474842363682 1 456 3 214
56 0.9819077311282336 -0.24975597917821474 6.0665214182887306 198 200 198 0.12245857761420587 1 454 3 437 2 127
55 1.0514693311960122 -0.25280853840471779 6.0595103026148465 124 125 123 0.48480645336043571 1 451 3 452 2 129 4 487
54 0.90371771001931822 -0.25999719071167576 6.0859166907090687 195 195 195 0.044931322663045017 1 449 3 410
53 0.51137197944251367 -0.26605055480015866 6.1398440483725034 142 141 137 0.91718659258380797 1 447 3 290 2 114 4 469
52 1.4237403982838068 -0.25581275150425281 6.00788935613223 198 199 195 1.5285987233897069 1 444 3 550
51 0.45931527609964773 -0.26986347006070005 6.1414944308213597 117 118 113 0.24370199215339608 1 443 3 271 2 111 4 463
50 1.3733080213627982 -0.26608306562198697 6.0141088403960419 139 141 136 0.56207728494153675 1 442 3 530 2 133 4 484
49 0.89618453711069401 -0.28643680835829527 6.1642415420058754 164 167 171 1.207655312522208 1 438 3 387
48 0.14171414504114865 -0.34738971975691629 6.9760111168431678 148 148 146 0.77413439898592229 1 435 3 205 4 416
47 0.17911782021342484 -0.35048626287933066 6.9418053435530886 135 137 134 1.5790967197350929 1 431 3 212 2 199
46 0.21456399701881568 -0.35710831659431591 6.9176219510211379 138 140 135 0.69203360494718036 1 429 3 216 4 410
45 0.39448382555991485 -0.30271619640281039 6.1520963892881415 95 95 84 0.71350584552971874 1 427 3 224 4 448
44 0.49912730888487877 -0.31148681049300014 6.135179888667933 133 132 128 0.87228141544179139 1 418 3 254 2 92
43 1.327808600751877 -0.31265938777430741 6.0537573482485652 126 127 119 0.24279256750747477 1 416 3 483 2 117
42 0.41610199441160789 -0.31854047919397116 6.1578656482654139 164 163 161 1.3520254077489333 1 415 3 225 2 89
41 1.3734996816301774 -0.31904830220121866 6.0340031501117171 90 91 85 0.61775679009061135 1 409 3 495 2 115 4 457
40 0.89152922602346607 -0.3462187151933413 6.1799260060917085 96 97 99 0.71453146808582513 1 401 3 346 2 106 4 438
39 0.15812302764483707 -0.4353343758234321 7.0754084461889217 159 162 151 1.5973978780427576 1 400 3 167 2 176
38 0.79086801588624089 -0.34902307640133451 6.1767625216131448 195 194 192 1.7269568963342434 1 399 3 311 2 101 4 442
37 0.23493325852257552 -0.42046421176987753 6.9383041595157744 150 149 144 1.0641409969739635 1 394 3 184
36 0.31964815877903807 -0.43082338022326078 6.9637436772769226 164 163 158 0.77969671714083455 1 393 3 197 4 383
35 1.3014073086178577 -0.35241955408398723 6.0808046074254012 75 77 74 1.144129832801112 1 391 3 447 2 108
33 1.403658290792023 -0.36600319984715862 6.0347080505022213 99 98 93 1.5766003753794307 1 378 3 457 2 98
32 0.85658139319977611 -0.39249246087215478 6.1719612681307385 208 208 206 0.52648193246822006 1 367 3 302
31 0.79105317541524356 -0.39256934469110177 6.1390191303409072 57 54 55 0.48791590721294376 1 364 3 277
30 0.26366820172259081 -0.44634109672983818 6.8914098754633768 194 193 188 0.44592602348895088 3 168 2 144
13 0.73771740116704643 -0.84163807471729335 7.7138516291355756 137 134 130 0.31064228403030214 1 255 3 138
12 0.79975320396356586 -0.85610903125788163 7.6521890538962936 214 213 211 0.55557188235781518 1 248 3 141 4 253
11 0.29687464022733762 -0.84796963589372609 7.362929472037349 124 126 112 2.1214631466105129 1 239 3 26
10 0.27270201494219537 -0.84561770488438004 7.3742338429886942 112 112 100 1.2716819184769925 1 238 3 23
9 0.94871055346353195 -0.8850065093145425 7.5663892857319262 202 201 199 0.98813693694819271 1 229 3 157 4 247
8 1.0166109544500297 -0.88742826708091038 7.5136183392768974 156 158 154 1.2152821823656952 1 222 3 173 4 232
7 1.1009590291041405 -0.90109748323732797 7.543005156299829 183 185 182 0.7454644197508532 1 219 3 183 4 235
6 0.78971648727892862 -0.9374865247556825 7.6762189891239476 154 156 152 0.60049331901061531 1 211 3 101 4 219
5 0.86138902567788433 -0.95611124853222407 7.6203269141465988 223 224 218 0.40305249237879154 1 201 3 103 4 217
4 0.92662672696802462 -0.96569112192552042 7.5805157068607212 183 184 180 1.0797325963071602 1 197 3 109 4 212
3 1.0172867590048411 -0.97873712011942726 7.5658596412378891 221 223 220 0.5384874763897235 1 189 3 117 4 210
2 1.0923365560134739 -0.98467724341801155 7.5668505464172142 213 214 209 0.92167316315597325 1 187 3 134 4 207
1 0.95999835872065198 -1.0685923538368958 7.5808409638188667 143 142 138 1.7453398010948273 1 173 3 81 4 197
14 0.91278312895103486 -0.62445706228909725 6.2125890354126803 148 147 143 2.1025515607876879 1 256 3 162 4 316
15 0.69027037638609712 -0.81567659264575276 7.7367897088093223 205 207 206 1.1885520667127352 1 264 3 137 4 267
16 0.29882555828055557 -0.71767664389753372 7.2864428785336619 178 179 184 0.90969651828568576 1 271 3 69
17 0.23796650213655163 -0.70850918596807944 7.3399856285531833 156 152 160 0.84810642248787138 1 275 3 68 4 281
18 0.34012179584046642 -0.69772167093813153 7.2889680820849883 149 144 150 0.51283016278743387 1 277 3 87 4 283
19 0.89026633086191942 -0.5566067860694035 6.2169260920822147 133 132 127 0.92996612064122475 1 278 3 198 4 348
20 0.86350654877108213 -0.50506717787906541 6.1920822096767747 88 90 77 1.9802450538360172 1 295 3 228 2 60
21 0.9859702426838407 -0.4989381575814445 6.171709233387551 142 142 142 1.9141845157982487 1 309 3 264 4 365 1 297
22 1.0495128766996287 -0.44996148862577096 6.1445237494301557 113 114 108 1.2885069816367809 1 324 3 312 2 75
23 0.91988934399328903 -0.45074386818117335 6.1771417572700162 197 198 197 1.187508528901599 1 326 3 281 2 72 4 387
24 0.98179207727592455 -0.44208301686246382 6.1452676975262266 150 152 151 0.68624098976988523 1 331 3 303 2 73 4 393
25 0.85413890764066713 -0.43634022806712719 6.1706364238305884 187 186 186 0.64322693598818748 1 338 3 272 2 71 4 392
26 0.78761646543013764 -0.43123955005605069 6.1731216789030405 86 86 81 0.86100022907673091 1 342 3 257 2 69 4 395
27 1.044993997235335 -0.41354393316915633 6.1489431298295596 110 112 103 2.0125858242705505 1 351 3 329 2 87 3 338
28 0.91856494195317706 -0.41064978117168643 6.1768226626878411 140 142 139 1.3009927557440308 1 354 3 306 2 85
29 0.24733166155987649 -0.49670624122557122 7.0340142178746365 182 182 174 0.73620991906913746 1 356 3 133 4 358
60 0.78502085765806595 -0.23771704788354181 6.0914304275144948 180 181 176 0.32408194028432608 1 464 3 392 2 124 4 486
61 1.2240430402104963 -0.23780334151960664 6.086422945267306 228 230 224 0.4998640215319004 1 465 3 515 2 164
62 0.17627444853776633 -0.28196019028856151 6.9015073535848961 137 138 130 1.493870256036222 1 473 3 252 4 445 2 228
63 0.89687325827105335 -0.22020945796910191 6.0763619049456938 232 230 231 1.837465676479864 1 475 3 441 2 142 4 497
65 0.13036256700434887 -0.26595921449851539 6.9056495509867055 207 207 205 2.1091241875873203 1 478 3 249 2 244 4 444
66 0.69234856333893569 -0.21836250158388376 6.1428476158292806 209 211 208 0.55621741728471763 1 479 3 382 4 496
67 0.31367484898640891 -0.25962219445206464 6.8082394898973142 193 194 187 0.18764691538177375 1 482 3 296
68 0.45938129600136679 -0.21402695303735536 6.1161267268011361 121 121 121 0.73917971066813926 1 483 3 314 2 121 4 493
69 0.51120697382119595 -0.20669840373797971 6.1133139720832084 170 169 165 1.2165596388151814 1 484 3 335 2 130 4 509
70 1.2543544396083561 -0.20084695843035077 6.0480689353877963 208 210 206 1.4150044836126288 1 488 3 546 2 182
71 1.3129405996902359 -0.19388086308350888 5.9971211178198214 161 162 158 1.9683811436927683 1 489 3 573 2 177 1 504 4 532
72 0.85514467386442006 -0.20410023833444141 6.0796645695327314 190 190 188 0.75357968774357398 1 490 3 440 2 151
73 1.0807206372140148 -0.21232892757527194 6.0418700214841401 217 217 217 0.21264658846695439 3 500 2 159
74 1.1880706451045642 -0.19799974534042714 6.0584578230421968 188 188 188 0.6280830026897809 1 492 3 538 2 179 4 523
75 0.78214141852288366 -0.19153329511327338 6.0688936588883617 237 239 236 1.66969729491499 1 496 3 431 2 150 4 521
76 1.4140475103682133 -0.18217699688190098 5.9597231376896875 100 101 96 0.90080906054452414 1 499 3 608 2 189
77 0.076119565292830343 -0.24046930951690032 6.9537013925544162 154 168 184 1.6682321304119803 1 503 3 251 2 261
78 1.3326409252225755 -0.17852754065494797 5.9678913122850021 71 72 66 0.71446699376331968 1 507 3 594 2 184 4 533
79 0.45798527329192917 -0.17468199371752163 6.0840692611142195 200 201 195 0.5310147664692676 1 516 3 343 2 137
80 0.13703790653388456 -0.208975889516195 6.8580403869132276 12 12 10 1.5074728849786063 1 526 3 285 2 271 4 471
81 0.6616589148679306 -0.17053402642264187 6.1269163546467631 219 220 215 0.90923799181252041 1 527 3 416 2 174 4 526
82 0.72223137443294583 -0.16992769361683563 6.1089421934638848 191 191 189 0.45518499197889889 1 528 3 433 2 175
83 1.2975888780258773 -0.15884286316472168 6.0182538567454387 64 64 62 1.3234058838420268 1 534 3 599 2 205 4 548
84 1.0625833556234365 -0.1561069736238751 6.0078758769608847 74 74 74 0.67902222286335356 1 536 3 537 2 188 4 538
85 0.94876226631312621 -0.1487793565366366 6.0149867570899893 60 61 55 0.49452391446307498 1 538 3 514
86 1.4101989653550848 -0.1406180472630541 5.9442533946678555 184 185 179 0.51699929006274736 1 540 3 651 2 215
87 0.76981125131519323 -0.1403444017832523 6.0435139598364938 50 50 48 0.87250667550649186 1 543 3 467 2 181 4 546
88 1.3383360504657298 -0.13963931146310543 5.9710742418781368 164 165 157 1.6967258496596269 1 544 3 626 2 209
89 0.17418047607785614 -0.1687290206587701 6.8466988423047601 192 189 181 0.67272970263099174 1 548 3 323
90 0.49859243930633734 -0.13190853475921543 6.0639774021160182 102 104 101 0.62250243475594946 1 549 3 391 2 173 4 537
91 0.42068497236167185 -0.1275806681897837 6.0706245650702932 127 126 123 0.79275856219511809 1 550 3 370 2 170 4 535
92 1.2991156531231978 -0.11309486613129316 6.0029488624812322 195 195 195 1.4065963076859425 1 555 3 640 2 245 4 556
93 1.374698811622393 -0.11108513776013768 5.9476864932766844 114 114 112 0.69304557446551807 1 556 3 670 2 233 4 567
94 1.0696020044352279 -0.10234119976000877 6.0093554477974847 101 102 97 1.928221381955197 1 561 3 589 3 597
95 -0.0049680452307085954 -0.14578987632255574 7.0365162147203701 48 67 81 0.6109235794752621 1 566 3 304 2 338 4 501
96 0.28740141021451043 -0.13088251673175089 6.8384910944540263 223 223 215 1.37860778235621 1 567 3 380 4 525
97 0.54634344624363329 -0.11298813352813497 6.0908808957465581 60 62 58 1.4707937738866739 1 568 3 428 2 193 1 554 4 545
98 0.79372500008969227 -0.09998789232898303 6.0317142186626338 196 196 196 0.8647766994303332 1 569 3 513 2 213
99 0.17132237926675156 -0.12558720547682078 6.8247275710821746 195 192 183 0.095200864455200512 1 572 3 351
100 0.2146436474010133 -0.12266887997883968 6.8320416715674988 80 82 72 0.46591780938689187 1 575 3 363 4 524
101 0.93687518147708027 -0.085377989731382886 6.017568006773411 217 219 217 1.3839549629264691 1 578 3 567 2 236
102 0.77627251519027607 -0.085544597873250638 6.073627852370878 89 90 85 0.81849709625086753 1 581 3 524 2 232 4 566
103 1.3348986698925336 -0.074720778069658877 5.9350847665265203 205 206 202 0.62236962050073874 1 582 3 701 2 260 4 579
104 0.88934163996032845 -0.072297473628699649 6.0045906454011266 198 199 193 1.4515600912698643 1 583 3 566 2 240 2 241
105 1.4153303642684669 -0.078299409163777534 5.9182705479448812 229 229 227 1.566049168100226 1 586 3 720 2 258
106 0.54759841299552636 -0.071235079924663824 6.084286539493899 121 122 118 0.84232793778371495 1 588 3 463 2 229 4 565
107 0.38726077501667727 -0.069818173007933471 6.0932314667619698 48 48 56 0.27711771374597827 1 590 3 415
108 1.0446294298297067 -0.037582915067336409 5.9666506636982941 181 179 180 1.005735173633614 3 639 2 276
109 0.10914932944552605 -0.095290587332377719 6.892602175529686 120 119 124 0.75124504482570209 1 593 3 358 2 357 4 530
110 1.1696237461596919 -0.067539910803927516 6.0170631460136788 41 40 35 1.0053168564199773 1 594 3 655 2 269 4 578
111 1.212065247519938 -0.074052248239374674 6.0206565821343982 49 51 50 0.32245491531085146 3 661 2 274
112 0.82970762447406876 -0.063022978218416292 6.0062827935223106 179 182 175 0.57262151968611474 1 599 3 549 2 243
113 0.98084766622726027 -0.057702021051861618 5.9920639380750771 207 207 207 0.68162786465347158 1 600 3 605 2 257
114 0.4598994309384089 -0.059012557828889367 6.0503514206779672 63 61 65 0.56264154594566707 1 603 3 445 2 221 4 569
115 1.2427121665624439 -0.050576552667331465 5.9950005860865332 109 109 109 1.9334101800575803 1 604 3 700 2 286 2 296 4 595
116 0.17116620645959812 -0.077629816214203118 6.803681008241151 191 190 184 0.44803016363465697 1 606 3 385
117 0.84878857023212495 -0.039197305013627615 5.9993803438050595 196 196 191 1.5606520607653009 1 612 3 587 2 267 4 583
118 1.3765878653177761 -0.038379449688102085 5.9208885399451754 89 88 93 0.4315008766725178 1 614 3 755 2 300 4 604
119 0.58549413079819068 -0.042587965276304374 6.0801473017028851 169 171 166 0.52196284985126895 1 615 3 505 2 251
120 0.63488879435322698 -0.035910778499932516 6.0692353707876983 34 35 30 0.87716045594984116 1 619 3 523 2 264 4 582
121 0.62000193722352681 -0.029856451642845394 6.0682019096486162 42 43 38 1.8910548546794832 1 625 3 522 2 263 2 272
122 0.92503743121958981 -0.044869293216035611 6.0195560428576229 58 55 48 0.28918709570268297 3 601 2 268
123 0.96274088607265829 -0.02462110222409114 6.0033512340270887 90 91 95 0.98997399490738081 1 631 3 625 2 291
124 0.12207339123323357 -0.041242420989798079 6.849450144787923 153 157 152 0.3135094089665158 1 632 3 404
125 1.1156415606191679 -0.02127556014656562 6.0086296827606178 185 186 178 0.77796577741088946 1 633 3 689 2 311
126 1.4228123666323091 -0.0044981307813908855 5.8751705389756035 167 167 167 0.83737849497497363 1 645 3 801 2 331 4 614
127 0.54425618558462463 -0.0067494770983753116 6.0510856363371914 185 185 183 1.2199895494170709 1 648 3 519 2 279
258 1.2837923139338412 0.51243076925282938 5.3801400841214146 202 203 195 0.48341089253663933 3 1574 2 1105
259 0.42681825454868849 0.54342517789995504 5.4797226735062576 221 222 217 1.232644260611361 1 1114 3 1383 2 1022 4 915
260 0.46168013929740759 0.543648973013935 5.4790622133624005 177 178 173 0.54437753211582407 1 1117 3 1397 2 1026
261 0.77533299025323399 0.54456854180187875 5.4648717717963322 191 192 185 0.47078066105728777 1 1118 3 1492 2 1094
262 -0.27637009486005848 0.66874208104493649 6.5702619252765357 205 216 224 0.68062519642521391 1 1121 3 1054 2 1119
263 -0.20464234816365312 0.66479870572918009 6.5689409877947167 157 158 157 0.2001785509241264 1 1122 3 1067 2 1120
264 0.73194569715537483 0.54704992046910261 5.4718473350051315 197 199 191 1.1611236090030361 1 1123 3 1488 2 1080
265 0.12857613115177915 0.63468331892213348 6.284982731950306 217 218 210 2.2322888602671491 1 1125 3 1177 2 1114 2 1136
266 0.50132545027774333 0.55835042517845423 5.523028148392223 150 155 151 0.48419580913668003 1 1126 2 1073
267 -0.057316259729174424 0.63570777610097884 6.2607872024976565 220 221 215 0.78817916782846531 1 1128 3 1130
268 1.3024519339701166 0.5502023581431873 5.3563696669838663 211 211 209 1.384582988812803 1 1133 3 1669 2 1206
269 0.12669380440557668 0.65803256200998961 6.278511125257614 176 177 171 0.895017539263257 1 1135 3 1241 2 1149
270 0.025390333653279251 0.65281315461471512 6.2627661583924468 175 175 167 0.83903335273203172 1 1139 3 1191 2 1140
271 0.059693835903833009 0.65827985221165775 6.2697492952926943 187 187 179 0.49987732918635025 1 1140 3 1215 2 1146
272 1.0484662168764161 0.56844852863512629 5.4545822191698585 109 110 113 0.86539834060563214 1 1144 3 1609
273 0.97681299773965902 0.57606264431338217 5.4678684738339509 222 221 229 1.1402276806694562 1 1147 3 1608 2 1197 4 934
274 1.061867166804483 0.56551306140781044 5.4189305725965591 196 195 190 1.4213402520630929 1 1148 3 1622
275 0.89319169466579262 0.57871914076484188 5.4793040649176374 72 73 65 1.1183759093161805 1 1150 3 1586 2 1188 4 940
276 -0.20392407690233949 0.71479412081511007 6.549945869791042 178 181 174 1.2199304664526249 1 1152 3 1159 2 1190
277 0.024874582022160141 0.67571517338982301 6.2531803895208711 202 202 194 0.83701148800451941 1 1156 3 1250 2 1177
278 0.77919382450522623 0.57717724803948334 5.4460784900816277 215 214 212 1.3459609426712147 3 1573 2 1168 1 1153 4 933
279 1.2906799777581106 0.57629903719361875 5.382865463248816 112 115 114 0.30023028054002271 1 1159 3 1702 2 1271
280 -0.27419553637424154 0.71819245671708765 6.5457673785559152 171 184 201 0.31368821675182346 1 1164 3 1143
281 0.37096440602768233 0.58625460201564339 5.4749153447405332 138 146 157 1.3378222930099382 1 1165 3 1475
282 0.7058562880687298 0.59264324600274343 5.4740628606805792 133 134 136 0.91138144326443804 1 1166 3 1572 2 1202 4 938
283 -0.20493514766398546 0.74326546458086429 6.5386807783504164 185 188 179 0.54808005694014494 3 1214 2 1238
284 0.46390796125157618 0.59407712699323034 5.4621099219893834 173 174 169 0.63516935380742889 1 1169 3 1531 2 1162
285 0.51055603235198133 0.59450445817177466 5.4817915061453579 87 91 94 1.5057695090665704 1 1170 3 1534 2 1163 4 942
286 0.025383620838548615 0.69510772407852794 6.2483056440093696 192 191 186 0.85434010488803125 1 1172 3 1305 2 1216
287 0.53654188363145572 0.59691247134127368 5.4943335800422828 94 96 83 0.80415082415144601 1 1173 3 1535 2 1178
288 0.058494937305783118 0.69723789239002365 6.2565575453620204 167 166 161 0.50012124756558596 1 1176 3 1319 2 1218
289 0.080855122617986941 0.6974048923379933 6.263815972756511 226 226 221 0.28116382723866079 1 1177 3 1324 2 1219
290 0.75331314391695336 0.60321880960148877 5.4474675492123001 125 122 125 0.21251367533513812 1 1184 3 1628 2 1239
291 0.98592613915395899 0.61183502080702756 5.4576200613659651 147 147 152 1.3004645892836049 1 1193 3 1680 2 1295 3 1681
292 0.46098687940723893 0.62688243579472314 5.4364950303051565 194 185 185 0.21319626899284683 1 1213 3 1624
293 -0.26171134764493542 0.78583833256486102 6.5735419445613505 116 111 110 1.4857645022964905 1 1220 3 1294 2 1292
294 0.025436597709311171 0.74104527218226046 6.230783875749017 201 200 193 0.95392224594261465 1 1230 3 1407
295 0.060682124517094455 0.7431075407679224 6.2386517182695185 203 202 201 0.68958573504417908 1 1238 3 1417 2 1298
296 0.42630267536598487 0.63928488068895295 5.446081661531804 177 175 161 0.76507992791480273 1 1239 3 1650 2 1285
298 1.0985274603918715 -2.0508059214515035 8.4157185034339186 104 111 95 0.8674749206108654 1 78 2 19
299 1.1952942967502991 -2.0370602441823951 8.5001399898971304 165 169 168 1.0306238185761816 1 89 2 26 4 65
300 0.87131480659736193 -0.60864066314328391 6.2200663680928754 144 145 137 1.4101016825592554 3 169 2 38
301 0.77826290128140085 -0.55678208436724086 6.213819162986832 121 126 117 0.77737497872596251 3 174 2 43
302 1.0487044338750156 -0.57009354356586739 6.1806758726788491 121 121 121 0.60275162233067825 3 235 2 45
303 0.78127167157696564 -0.54707849906927053 6.2818948781602835 169 169 167 0.18048120285980318 1 287 2 53 4 347
304 1.0515022924809547 -0.50123856931195854 6.1524490072002296 137 139 133 1.6786616157617438 1 301 2 62 4 370
305 0.85335642559832992 -0.49103293329202108 6.1995142653218984 96 98 85 1.0570622681653543 1 311 2 63 4 368
306 1.3878620141257183 -0.55028943112244399 6.1941044995423571 227 231 222 1.3186400811570222 3 339 2 64
307 0.9601625782885963 -0.49446993000843492 6.1921312535121675 125 126 112 0.18104957023147691 3 261 2 65
308 0.47599787196701626 -0.45047880730637208 6.2683489355149042 185 186 180 0.27630589140365275 3 154 2 67
309 1.4035251243246314 -0.45425028988720068 6.0997696178340277 183 190 183 0.67789753345914505 3 401 2 78
310 1.0143505215134381 -0.4211672140833807 6.1462925901785299 41 42 34 0.68326502363306885 3 326 2 79
311 0.89362648250208399 -0.41607652408715906 6.1974676345922113 125 131 118 0.094359402441891949 1 352 2 84
312 1.332568560272803 -0.43872834297674751 6.1614238023044194 207 207 202 1.241310124172657 3 397 2 88
313 0.96468782937778164 -0.41411973232666383 6.2125340358879431 106 109 100 1.6953934835699069 1 360 2 90 4 401
314 1.3318496181404356 -0.42683985845317834 6.1670579143664259 173 172 167 2.0276263663421004 3 411 2 91
315 0.53574462795398547 -0.3128076545100365 6.1719582464575451 132 134 129 0.9865893863230687 1 425 3 260 2 99 4 451
316 0.68637636838705984 -0.33351084499966349 6.177975620353644 151 157 153 0.77437717594311017 1 408 2 100 4 441
317 1.0487356662053382 -0.36682176927989468 6.1501292346936021 108 109 101 0.53108771804714927 1 388 2 103 4 433
318 1.1404971899167426 -0.36792515789000374 6.1295795836142908 159 159 157 0.73629617074048603 1 389 2 104
320 0.41190712700297233 -0.25976208832349151 6.1564168972697004 148 152 138 0.80333568654095244 3 266 2 113
321 1.4261445550736029 -0.31456572494440621 6.0254823448764601 151 156 150 0.7912946631714628 1 413 2 118
322 0.39186924788084088 -0.2417586100001326 6.1963114037956313 202 204 195 0.65885817531948609 1 463 2 119 4 477
323 1.1079880407592584 -0.27432224176149261 6.0739361238705669 112 114 103 1.4118848099582311 1 439 2 123 4 473
324 0.81931933508155341 -0.26931208943578927 6.1587746075476311 96 99 88 0.17524620071545605 1 448 2 125
325 0.42130359254718719 -0.17438202499879368 6.0905785945736639 142 145 133 0.8612621533905892 3 331 2 136 4 513
326 0.49318400110249472 -0.1811052917561396 6.0889354975303167 142 148 139 0.77470398633117665 1 514 2 138
327 1.3274481120960171 -0.25700734043404988 6.0329222230059401 109 113 99 0.0037072492970936684 3 526 2 139
328 0.95502971376363188 -0.22864079782037655 6.08205501412505 87 88 80 1.3814433212509085 1 476 2 141 4 498
329 1.315501431171715 -0.27062657405191465 6.0842790735486485 130 131 118 1.1805764750208805 1 440 2 143 4 483
330 0.74601238357239419 -0.22003663104187127 6.1297589553815195 119 120 114 0.83454724466064856 3 394 2 145
331 0.82248195610252772 -0.19221080177913702 6.0590682498700428 134 140 132 0.94861629895923583 1 497 2 153 4 518
332 0.97940810185206317 -0.20661531231995617 6.05175039268393 148 151 143 0.51055371131863114 3 473 2 154
333 1.3375856319488986 -0.22931378754042181 5.9980862086258142 145 149 136 0.38025126018359218 1 466 2 156
334 1.3779268489252432 -0.22970478229189256 5.9883800648867158 136 137 128 0.026117105793300358 1 467 2 157
335 1.4423704011567136 -0.23715668232011305 6.0210441085359836 132 134 133 0.391535574024306 1 462 2 165 4 510
336 0.53906895548174516 -0.17091596945987514 6.1534829960529951 105 108 99 0.65215430540012365 1 532 2 172 4 520
337 1.373043617562874 -0.18709538313671953 5.9783836210050518 91 94 83 0.17877341432235497 1 498 2 185
338 1.456818066917003 -0.20294634045964727 6.0029931478342675 134 138 131 0.27301312520505649 1 485 2 187
339 0.3820246096061487 -0.10677949969063022 6.1117369677223419 152 152 142 1.2873407425315688 3 377 2 192 4 544
340 0.49803138267208269 -0.092809259023725887 6.0496405195780749 115 116 110 0.65417361674810315 1 574 2 196
341 0.42027092782361353 -0.089406325529274577 6.0728226437782657 147 151 137 0.95510199343153035 1 576 2 197
342 0.71570879949828647 -0.12619654784602935 6.0903390172981382 29 30 24 0.28531594290628887 3 464 2 200
343 0.76971366482024217 -0.12454912137922497 6.076659743609568 53 54 46 1.6226050968983856 3 482 2 201 4 551
344 1.0665210537432073 -0.13322932827500106 6.0001078543291078 69 71 60 0.64122874297529298 3 553 2 203
345 1.2393513711706468 -0.15389528472233077 6.0244172173313721 59 61 50 0.45281971930677722 1 537 2 207
346 1.4644780942385529 -0.17069428685201188 6.0055607018678128 132 135 128 1.1117550534898715 1 518 2 210 4 539
347 0.95703006094126797 -0.10334247353049114 5.9993155472628112 161 162 154 0.65161076917840355 1 563 2 216 4 560
348 1.0438385574600895 -0.10982708443215133 5.9906955523301217 136 139 128 0.65521704679389647 1 560 2 217 4 561
349 1.8547593689061301 -0.4625668133984539 6.8337450959434225 109 114 108 1.3579970301895898 1 370 2 218
350 1.8770737842099705 -0.46091056552669768 6.8417214803028372 109 114 107 2.224488433159852 1 375 2 223
351 0.79186992001445455 -0.064269404066330416 6.0192765911045374 112 114 101 0.66100886837092276 3 543 2 239
352 0.97163412769465662 -0.077440074097779088 6.0206784350078504 144 145 137 0.062313438365725893 1 584 2 247
353 1.4642709273420964 -0.12807791331527962 6.0285958319302857 102 122 110 0.85896777279384118 1 551 2 249 4 562
354 1.8513458109909384 -0.38628418335158504 6.7870337797779516 107 117 108 0.63806595858388648 1 414 2 252 4 434
355 0.40978109538264756 -0.0098687728651130069 6.0418311854732805 142 144 131 0.36541456335993772 3 477 2 253
356 0.41967709770664641 -0.0097972258278751778 6.036596597386751 134 134 122 0.18688903442741994 3 479 2 254
357 0.50797791833010086 -0.010489664350982919 6.0055725404184273 133 136 127 0.35457616860026742 1 640 2 255
359 0.68261615152805555 -0.046109995352621114 6.094884343614936 41 42 34 1.1907741322116161 1 616 3 528 2 265
360 0.84121384510014852 -0.022486143543396231 6.0034981535768566 142 143 135 0.30886169346210307 1 630 2 280
361 1.8570840360565515 -0.31457979283230014 6.6819949908778913 81 100 94 0.54646093626522318 1 445 2 281 4 464
362 0.99346486447952798 -0.041765849251269971 6.033613856171101 78 79 65 0.67003991994876078 1 613 2 282 4 587
363 0.72442617775364904 -0.0140468231064384 6.054663558382166 114 116 105 1.021936542227365 3 579 2 284
364 1.0910871804944386 -0.037869600482211163 6.0123015016744032 113 120 112 0.1658758303931207 1 617 2 293
365 1.130955723046275 -0.046381675800567124 6.0275397902538455 57 59 48 0.29773289280098569 1 610 2 294
366 0.58739530399455209 0.011352241895751125 6.0537744465968029 95 96 87 0.5817606285458794 1 659 2 301
367 1.047559718972094 -0.0083132401956687585 5.9675921287091658 127 129 122 0.76410520012589889 1 641 2 306
368 0.70221434033780095 0.0022407850384922323 6.073503211479327 80 81 72 2.2045830100376413 1 660 3 575 2 313 4 603 4 609
369 0.61163718862386374 0.015595248902638803 6.07230787299304 99 102 89 1.5349192523641007 3 562 2 317
370 0.41407563045445123 0.053484291560105035 6.032002055447534 105 129 118 0.72019628882297837 1 694 2 319 4 617
371 0.89607371697112359 0.0043227764668135604 6.0279990452422005 41 42 33 0.51496150553063569 1 654 2 323
372 1.23439116298943 -0.020356736555899813 5.9966788620762097 92 94 83 0.64755689022485563 1 634 2 325
373 0.95197559318525282 0.0012321518704266898 6.0244623072808112 37 40 31 0.59135859557342885 3 660 2 326
374 1.0685430289645588 0.015125061191378464 5.9433812766819303 114 115 109 0.70073681269053845 1 664 2 329
375 0.71086506480873268 0.030132550767484334 6.0616209149366682 117 119 108 1.2167378734504677 3 606 2 340
376 0.96274212684370575 0.032091441898283224 5.978457712055361 143 144 130 0.52159820709532334 3 704 2 344
377 0.88371392868843235 0.038744728265185602 6.0037241111012722 107 113 101 1.1140380540715522 1 682 2 347 4 629
378 0.58410080140169063 0.057311605985031766 6.0572848776902228 79 82 75 0.21407407451034904 1 696 2 351
379 0.7110009928830533 0.049163464559493386 6.0402927294267421 142 143 135 0.74741379145592313 1 690 2 352
380 0.7753334033492546 0.050017783782019154 6.0111419456769539 97 98 90 0.97504629401925735 1 688 3 662 2 354
381 1.0768748812046449 0.030678125275178991 5.9968727233988872 70 74 69 0.41393722869373278 1 676 2 360 4 620
382 1.1126660714262364 0.02730576151362013 5.9980135572030093 107 113 105 0.22240884561142216 1 672 2 361
383 2.0506920327948723 -0.26485625843575539 6.8156443609547317 121 139 134 0.33950658179808446 1 481 2 363 4 489
384 1.267453788181895 0.020427160508038944 5.9739976920636941 101 102 94 0.19890593812405125 3 784 2 366
385 1.3410439543486343 0.018945669543186106 5.9467305806561805 64 65 57 0.20183793249248652 3 800 2 367
386 1.2385355398988729 0.023871632645515228 5.9791912664050368 105 106 97 0.40193495399880308 1 669 2 370 4 630
387 0.4432160335494173 0.11168203179904984 5.9520294477871349 127 142 132 0.098780039328670355 1 732 2 372
388 -0.020487430440038479 -0.04819866406817247 6.8587218149532081 147 153 150 0.55254790725458414 1 624 2 373
389 0.067195803437207241 -0.074599931788447482 6.9224216339637792 113 114 100 1.0105277345825039 3 362 2 374 4 534
390 0.86317013491863126 0.074057137246296867 5.9858187344769718 76 82 75 2.1540341391856805 1 712 2 378
391 0.59291843071238737 0.091362559776483887 6.037221660505157 123 127 120 0.32931733795745788 3 638 2 380
392 0.98805986381376132 0.06435311129867799 5.9820899444827198 88 89 81 0.8224716046830004 3 746 2 381
393 1.0608543921859941 0.077046755700538039 5.9335857004600463 108 109 103 1.8218654306485798 1 716 2 388
394 0.95880689274131847 0.070155300091180262 6.0227186022844412 76 81 72 0.13473750919251365 1 708 2 392
395 1.1216521303666478 0.065314140722422032 5.972337907707157 111 115 108 0.1149657061938473 3 790 2 393
396 1.9760715027905811 -0.18861520471169585 6.7592321828433359 84 75 70 0.72874096796640464 1 539 2 399 4 529
397 1.2457639222081369 0.058227351133965544 5.9978787553050648 92 93 85 2.0934183244821813 1 706 2 401
398 0.77848778967009213 0.10497447218927658 5.985165505106357 156 157 149 0.56113708451225297 1 726 2 403
399 1.411191104818825 0.073440299164198586 5.8554067184146117 127 145 137 0.19620555326027173 3 876 2 405
400 0.5138346093027697 0.14627122774275023 5.9594483897040949 103 108 102 0.58703033894799861 1 765 2 411
401 0.7128078546890777 0.10791891773699158 6.0640690336546736 133 136 125 0.00079443494436353779 1 730 2 414
402 1.3023395406463525 0.089952585887304926 5.9267972467023711 161 163 152 0.22493690495848487 1 721 2 429
403 0.42325472169724371 0.2188366589002288 5.7542592961611287 92 137 117 0.59451607717805843 3 766 2 442
404 0.46175721307293249 0.22085085903828539 5.7232291923025871 36 53 47 0.27232256772021146 3 786 2 443
405 0.66577402857608647 0.14263872505306183 6.0165876347039102 80 90 81 0.76369711930772288 1 760 2 444 4 669
406 0.64776762519226549 0.14308309205270708 6.0357491837831976 107 110 103 0.38152434446661287 1 759 2 452
407 1.0705325854720389 0.12726462360388641 5.9276415065072268 140 146 136 0.1355343889442808 1 748 2 454
408 0.89781311851591727 0.13861016239725862 5.9882465482692036 71 77 70 0.25118051561428545 1 753 2 466
409 1.2163575241493298 0.10992047988933107 5.9848725552398356 112 119 111 0.405274851091596 1 734 2 467
410 1.1789011843390491 0.11485259056991104 5.9902244756058014 129 135 126 0.03819093899612365 1 739 2 471
411 0.9586727698756965 0.13837755390203868 5.9881749102756201 78 84 75 0.3035564006226697 1 754 2 474
412 1.0726474812901063 0.14365429860241263 5.9370414124530093 129 136 128 0.44698226920008843 1 761 2 489
413 1.1272582900401464 0.13764791493620868 5.9550531864648812 113 120 112 0.81808661813244554 1 751 2 493
414 0.39948944201954317 0.2740359724751823 5.5955947947015208 122 129 115 0.24406100902661759 3 846 2 495
415 1.255691739815548 0.13255710509573448 5.9541340274146819 157 158 150 0.36501010976734749 3 888 2 504
416 2.0688587568046 -0.045201865840323208 6.541730589658096 194 215 220 0.80883892700510107 1 628 2 511
417 1.0721383214891751 0.15784721668920457 5.9301390970783778 130 133 124 0.32236290877008666 1 776 2 514
418 1.1264163875449942 0.1516665403108331 5.947513845421275 107 108 102 0.61983708861231468 1 771 2 519
419 1.3002698431762585 0.14436287312210372 5.9107217877300684 148 150 139 1.7023867816041118 3 906 2 521 4 688
420 0.4484635667612169 0.25269693583815228 5.7558038928276414 56 74 62 0.23653599230894573 1 859 2 526
421 0.6008407064242165 0.20328443984306843 5.9594256440389746 121 122 114 0.587093221830434 1 806 2 527 4 694
422 1.3672500191181856 0.21437600913130703 5.5172785820063144 112 135 129 0.79990067337587378 1 820 2 543
423 0.7443412376972629 0.19058213684148678 5.9942300255214285 148 149 141 0.87523673648395284 1 794 2 544
424 1.220111549843172 0.15302733777091396 5.9675674782962584 109 110 102 0.15322988398780513 1 772 2 546
425 1.0438987455251154 0.18391448600338772 5.9116147161772474 150 152 139 0.50461245808283062 3 894 2 557
426 2.0178627417227162 -0.0063019149732372326 6.527968488108332 99 101 90 0.32349713932734675 1 655 2 568
427 0.52803618397428687 0.2482647860693446 5.8276098381470698 92 93 84 0.4440130801709099 1 855 2 569
428 1.1282793155083648 0.17323030749965815 5.9503794181680973 112 113 107 0.92015156509419793 1 787 2 571 4 692
430 0.56003675375837791 0.24564077897932582 5.8517246118566186 127 128 121 0.15936041485132085 1 850 2 577
431 0.64342812467057042 0.21480000517836129 5.9953727518516686 112 117 111 0.44248884694657237 1 814 2 578
432 0.43242754432233133 0.25475213467555025 5.9254188829460306 130 153 137 0.30318809806476926 3 807 2 587
433 1.0715978910776962 0.20275141816143438 5.9045862409078733 138 139 133 0.25223951947882234 1 808 2 596
434 1.3776739149581048 0.24394289006371045 5.4683989795059649 137 143 139 0.68488497850985908 1 861 2 597 4 752
435 1.177961862321206 0.19173105525039713 5.9649517558825353 116 118 111 0.16491860494875463 1 801 2 604 4 695
436 0.78360734131572873 0.24504374357687553 5.8961579845606975 156 160 147 1.1094985839966578 1 852 2 611
437 1.2400765442466968 0.25914829325207722 5.5360533721831331 152 154 141 1.2495078187046849 1 877 2 613
438 2.0851494088067621 0.039353448420221371 6.5424931641554824 128 145 129 1.007131433118128 1 692 2 616
439 0.62181682719877807 0.29980654792212624 5.6674707277565846 110 112 103 0.0092750783085812326 1 914 2 622
440 0.66490149872109661 0.31290349485433655 5.5613416443002102 119 122 111 1.0471726137369397 3 972 2 623
441 0.69707743637213271 0.31016329984586827 5.5655829015772085 97 102 96 0.05436125710505102 1 925 2 626
442 2.0133603780732026 0.065738265484168779 6.4561921312221759 108 107 102 0.93778868721419928 1 707 2 627 4 644
444 1.9699431099773392 0.058289182205436607 6.5619478353209839 146 148 135 1.951886527450523 1 702 2 637 4 635
445 0.95732600145262692 0.30341295056204082 5.4825881958668727 95 96 88 1.2675126975875515 1 922 2 640
446 1.0710859566134772 0.29675790229169996 5.4778613862959649 101 103 92 0.69606921789071241 1 919 2 647
447 1.0032718799293228 0.29856487576682322 5.5189372460649828 127 128 121 0.88836289555396519 1 923 3 1043 2 648
448 1.2024541987008655 0.28415016732422493 5.5078937493157669 106 108 95 0.44829533192536408 1 901 2 649
449 0.38902101591434862 0.34620410883933189 5.5733732406933569 121 123 115 1.0248785248288057 1 953 3 934 2 651
450 1.2301669226188838 0.28774449173861139 5.4927788300192812 154 155 148 0.484440395755595 1 909 3 1100 2 654
451 1.1195977232952445 0.29525099104319624 5.5079336732716877 112 114 103 0.79299773619535174 1 915 2 660
452 0.61462165740329189 0.33683900859444976 5.5575531820677515 158 163 157 0.29218385946421488 3 990 2 663
453 1.3762595283819385 0.28442549804305711 5.4685046118236382 146 151 144 0.22534037041588706 3 1139 2 666
454 2.084902398965677 0.12967272835709473 6.4344287059488288 131 143 139 0.97337030057189111 1 750 2 677 4 676
455 1.9487455813412831 0.14159022665155532 6.4249355228326968 108 110 101 0.46155254245812216 1 757 2 681 4 675
456 0.02602331311065964 0.28380952279037647 6.6223997564837891 127 129 115 0.8628405358116048 1 864 2 683
457 1.1159456488643509 0.33423809393886961 5.4831020421913177 108 109 101 0.40129959206924887 1 950 2 704
458 0.022260533001276839 0.30782387409457773 6.6004275205102392 138 136 124 0.15820189803686555 3 705 2 707
459 -0.064153630518511862 0.31791601885166632 6.5956118451561085 154 164 158 0.08698562470705698 3 685 2 711
460 -0.013772477320270982 0.31143853716793629 6.5978434499997309 141 144 133 0.6599008002515987 3 694 2 712
461 0.46110196602581577 0.38438968616473917 5.5475298729711628 120 128 117 0.35100721510419619 3 1017 2 713
462 1.9808893446198124 0.16982250997869061 6.4327753143316517 129 130 122 0.97967863780137809 1 786 2 716
463 0.75510544062439799 0.36185960625929475 5.5241357943712464 144 148 134 1.6782882915313366 3 1063 2 718
464 1.3819352369114546 0.3195595553224031 5.4507402665766262 111 117 107 0.61423959918438487 1 940 3 1200 2 722 4 811
465 0.91239703532923599 0.35321115119633378 5.507356031293309 150 152 141 1.1557213253441283 3 1102 2 724
466 0.87162857798926408 0.35834707740066868 5.5087728917674283 115 116 105 1.2515372911891902 3 1099 2 729
467 1.9158255873477765 0.18323739827930274 6.4080304912630659 77 78 70 0.80528977377045274 1 788 2 732
468 1.9787286886150981 0.19420955692460246 6.4069317362180955 131 133 121 0.57729555320383019 1 793 2 754
469 -0.059827979725502134 0.34664895557472458 6.5859044469127292 110 113 102 0.37944365472078578 3 729 2 756
470 0.071982895803556241 0.33420728172494418 6.5888756892150058 86 89 77 1.1096567993770334 1 897 3 757 2 760
471 0.42981908718721196 0.40815676626192238 5.5449238445143649 116 133 123 0.40362320707349519 3 1048 2 772
472 0.63443961437243435 0.39472315475609254 5.5323564810901589 142 143 137 0.88132143145771991 3 1089 2 777
473 0.59877131470185119 0.40193945839488476 5.5393251837833279 135 137 126 0.037117824883076092 3 1093 2 782
474 0.94876312485050407 0.37743549086576789 5.5032352078493414 128 129 121 1.1675332589514165 3 1158 2 790
475 0.82169459101771303 0.3899945842637686 5.5130703558669456 141 142 134 0.13373814779006921 1 979 2 793
476 0.98648182859542377 0.3772127886633867 5.497195527524342 144 145 137 0.71666806034102337 3 1173 2 794
477 -0.027593977126824432 0.37385226460531767 6.5696154090377279 146 148 137 0.14897868662229491 3 773 2 796
478 1.9654504234747185 0.23408703200962666 6.3516004133301962 105 106 100 0.54288343842524867 1 822 2 800 4 720
479 2.0522967222347344 0.22797364690797725 6.342551531283906 126 132 122 0.44297881977706649 1 817 2 801 4 721
480 1.8988954626576144 0.24062881101885342 6.3575482578567435 98 100 91 0.90656937721333408 1 825 2 805
481 1.3836918908328131 0.35720293923880247 5.4387739131510697 129 141 131 0.63743243390778703 1 962 3 1287 2 809 4 835
482 0.38882098805764709 0.43122040405780293 5.5488257859166623 162 172 166 1.4510094857186155 3 1078 2 812
483 0.43575941153189196 0.42732925545928629 5.5361607003945625 141 159 150 0.57507765519795828 3 1088 2 814
484 0.74774187905090994 0.40615850585537472 5.5094734549565496 33 36 25 0.043462567730481239 3 1155 2 816
485 0.98781562726533134 0.39428383195937222 5.4882074105683216 125 128 119 1.3369841317013094 3 1221 2 823 4 833
486 0.86547060767924411 0.4090650601147312 5.4974573596509435 92 95 88 0.3400116769723962 3 1208 2 830
487 1.3750049964339974 0.37591902545740735 5.423248022876149 144 161 153 0.56729217179515978 3 1342 2 835
488 0.12755205995081867 0.41672243421455413 6.36670630799909 147 147 135 1.0587174871797309 3 886 2 836
489 0.53865224453320071 0.44434833931225148 5.5288484420276003 122 123 115 0.27685123949802859 3 1153 2 857
490 0.60853170389823896 0.44706261201601305 5.5022360301640374 145 148 137 0.66831704006842108 3 1199 2 865
491 0.58987645777279352 0.44786257673568508 5.5321679019959671 135 140 127 1.4653282409909094 1 1019 3 1188 2 869 4 861
492 0.12412704339629621 0.44550172547138289 6.3389629827362057 143 146 133 0.12375479800971964 3 916 2 871
493 2.0032474916476781 0.31463566267253584 6.142999581005208 139 159 160 0.40497503096033843 1 911 2 873 4 796
495 1.3955141419965973 0.39516360624723196 5.4286464556683853 126 133 123 0.37703030701446932 1 988 2 880
496 1.9332176632328364 0.31836711855541705 6.273434635857674 96 99 91 0.87505807036168148 1 910 2 881
497 1.1949565979162049 0.41972859296630255 5.4494296314348247 140 138 129 0.35507477347404215 1 1006 2 897
498 0.13748859281727377 0.47015296782160076 6.3590020451667995 54 56 50 0.25149906894109392 3 938 2 905
499 0.37879407047804636 0.47966080682872048 5.5266408791971227 162 175 166 1.5126893815003015 3 1168 2 906
500 0.69485183000815764 0.4631053146367432 5.4650972558178328 148 150 140 0.21175581298461046 1 1051 2 910
501 1.2234807148994395 0.42661190698751006 5.4603650962547965 150 155 141 1.045853684536628 1 1011 2 921
502 0.7715154585704177 0.46256907048916163 5.4998719959682258 139 140 132 0.46285341197656271 3 1299 2 928
503 1.2700509539456433 0.43523758248615985 5.4097312710199539 168 169 163 0.59937538889131758 1 1025 2 937
504 2.0062921532765348 0.36445131172747924 6.1238559012456664 44 57 50 0.61441732182662057 1 944 2 942 4 814
505 1.2330566864360288 0.43995756670289737 5.4423548912331228 119 119 105 0.50706982545163382 1 1034 2 943
506 0.024928196343507569 0.50625448240569093 6.3287054191012349 146 148 137 0.77235186173872306 3 951 2 944
507 0.69902974674337348 0.48011397365659325 5.4923605469457053 135 135 122 0.28235637791267298 1 1060 2 947
508 0.97133337171180822 0.4639996985575362 5.4781556960596447 136 138 122 0.61957040489133086 1 1049 2 952
509 0.40286634843010505 0.5125726811027761 5.5058032406897395 147 154 144 0.77474805582527417 3 1293 2 958
510 0.42709772777208271 0.51008801515375024 5.4890236882477108 155 161 153 0.0039087218064945374 3 1298 2 960
511 0.71064846707893714 0.49104685912808788 5.4265896630815416 150 147 140 0.901985426192212 1 1074 2 962 4 891
512 0.76142681118685196 0.48631430404831938 5.4955714476393922 129 130 122 0.85637398837357548 3 1355 2 964
513 1.0576556729897661 0.47267909499047334 5.420294625693824 148 151 142 2.0940552920101481 1 1066 2 970 4 895
514 1.9300831831188496 0.40275870903658834 6.1216492734234063 139 141 130 0.12263466427117106 1 963 2 971
515 1.1809974077072551 0.46154739748609563 5.4980733491036631 49 47 35 1.1878572593086671 1 1045 2 972
516 1.2191699587991445 0.46239453111488588 5.4464341201546667 50 47 36 1.2170992819287325 3 1437 2 976
517 2.0107159043736602 0.4090097869682065 6.1187751048693064 164 175 167 1.5901226350242224 1 972 2 977 4 843
518 0.67384802801683019 0.50527909777081825 5.5545226831342074 44 41 32 0.38575146015926848 3 1354 2 979
519 1.8988462052857589 0.41842617510657443 6.125644830068067 101 103 92 0.15604803136065651 1 974 2 981 4 839
520 1.3065758118756234 0.46205407165540857 5.3895950837135196 161 162 152 0.18208328746162172 3 1484 2 984
521 1.4041278914166369 0.45629609788734404 5.4036688002896636 118 116 110 1.0796326522521755 1 1055 2 986
522 1.2234962783069179 0.47940242148352041 5.492053259470552 49 49 37 0.30703356998205206 3 1464 2 1003
523 1.2331313766999932 0.47957466489636508 5.4314321624656809 103 104 88 1.3187425061374662 1 1068 2 1007 4 892
524 0.057953224909672002 0.56939494508022015 6.3023988128001358 120 120 110 0.41627976908642894 3 1044 2 1011
525 0.69941675716643115 0.51831802851884956 5.4997438139061465 89 87 76 1.1639694350460144 1 1091 3 1404 2 1013
526 0.50625456791783718 0.53613619436032089 5.5054150894999729 142 149 141 0.71077230400937919 3 1380 2 1018
527 1.0178703137966747 0.5059288457209552 5.4267575214557802 122 124 113 0.30706454055558008 1 1093 2 1030
528 0.72506944726741085 0.5278744869057761 5.4786738847808696 132 133 120 0.25134743293319634 3 1443 2 1034
529 0.8175719834511187 0.52319722619629871 5.676828099590562 61 62 48 2.3046161668461371 1 1078 2 1036
530 1.9275298071741107 0.45687912583583873 6.0884577992512057 126 128 119 0.54486677976263986 1 1000 2 1039
531 0.058172581771022774 0.58944205624486856 6.2956531683645007 121 121 111 0.46027257027107515 3 1081 2 1040
532 1.9997780835029002 0.45299161887655764 6.069113945620602 132 135 128 0.92945015796244845 1 996 2 1046
533 0.39337864255875399 0.55407592711364106 5.4816580046320178 141 153 141 0.83571973443574721 3 1403 2 1052
534 1.8995840733165703 0.47101794862485019 6.1113405740212201 114 116 102 0.085370728242657137 1 1012 2 1056
535 1.2694611932666249 0.49784013047121867 5.4123351833195086 157 159 148 0.12821603540266907 3 1537 2 1060
536 -0.32003065740648606 0.63404417777714794 6.6885915014732529 125 137 134 0.21440781367603792 1 1095 2 1061
537 0.89737768514446592 0.52601852541431227 5.5430314241286744 29 28 24 1.8420588663684465 1 1092 2 1062
538 1.2524102029394992 0.50495066433519642 5.5007922466343997 66 64 49 0.30949346342592698 3 1510 2 1063
539 -0.033762880251115901 0.61074019928974022 6.2657302257216001 140 141 132 0.21778664611268034 3 1095 2 1064
540 0.027770933869540715 0.61191001297637626 6.2810447957540365 103 104 90 0.038567440328876573 3 1113 2 1072
541 0.1014974190917633 0.61143686010421705 6.2936266243774428 132 135 124 0.019114748192919674 3 1132 2 1077
